time,temperature,displacement,static_force,position,length,stress,strain,stiffness,relaxation_modulus,creep_compliance,gca_pressure,
0.046333,25.6692,4.2814,0.019335,0.21976,4.0988,0.0048338,0.10456,4516.094,4.6228,216318.4,0,
0.079667,25.6541,8.3103,0.032668,0.2238,4.1028,0.0081671,0.20296,3931.074,4.024,248510.8,0.06895,
0.113,25.6408,12.6012,0.046002,0.22809,4.1071,0.0115,0.30776,3650.594,3.7369,267604.2,0.06895,
0.14633,25.6311,17.0318,0.059335,0.23252,4.1116,0.014834,0.41597,3483.756,3.5661,280419.8,0.1379,
0.17967,25.6224,21.533,0.072668,0.23703,4.1161,0.018167,0.5259,3374.735,3.4545,289478.8,0.1379,
0.213,25.6106,26.0503,0.086002,0.24155,4.1206,0.0215,0.63622,3301.368,3.3794,295912,0,
0.24633,25.6015,30.5526,0.099335,0.24605,4.1251,0.024834,0.74618,3251.27,3.3281,300471.6,0.1379,
0.27967,25.5858,35.0637,0.11267,0.25057,4.1296,0.028167,0.85636,3213.235,3.2892,304028.3,0,
0.313,25.5705,39.5575,0.126,0.25507,4.1341,0.0315,0.96611,3185.274,3.2605,306697.1,0.06895,
0.34633,25.5518,44.1022,0.13933,0.25961,4.1387,0.034834,1.0771,3159.357,3.234,309213,0,
0.37967,25.5418,48.5971,0.15267,0.26411,4.1432,0.038167,1.1869,3141.5,3.2157,310970.7,0.06895,
0.413,25.5191,53.0853,0.166,0.2686,4.1477,0.0415,1.2965,3127.062,3.201,312406.5,0.06895,
0.44633,25.5041,57.5845,0.17933,0.27311,4.1522,0.044834,1.4064,3114.281,3.1879,313688.6,0.1379,
0.47967,25.4895,61.7743,0.19267,0.2773,4.1563,0.048167,1.5087,3118.893,3.1926,313224.7,0,
0.513,25.4726,67.5843,0.206,0.28311,4.1622,0.0515,1.6506,3048.062,3.1201,320503.4,0.20685,
0.54633,25.4576,80.8909,0.21933,0.29642,4.1755,0.054834,1.9756,2711.482,2.7756,360288,0.20685,
0.57967,25.4408,87.2414,0.23267,0.30278,4.1818,0.058167,2.1307,2666.94,2.73,366305.4,0,
0.613,25.4296,91.9944,0.246,0.30754,4.1866,0.0615,2.2468,2674.083,2.7373,365326.8,0.06895,
0.64633,25.4204,96.6568,0.25933,0.3122,4.1913,0.064834,2.3606,2683.045,2.7464,364106.6,0.1379,
0.67967,25.4149,101.2903,0.27267,0.31684,4.1959,0.068167,2.4738,2691.942,2.7556,362903.2,0,
0.713,25.4098,105.8827,0.286,0.32143,4.2005,0.0715,2.586,2701.114,2.7649,361670.8,0.06895,
0.74633,25.399,110.4492,0.29933,0.326,4.2051,0.074834,2.6975,2710.157,2.7742,360464,0.20685,
0.77967,25.3921,114.9812,0.31267,0.33054,4.2096,0.078167,2.8082,2719.3,2.7836,359252.2,0.20685,
0.813,25.3835,119.4877,0.326,0.33505,4.2141,0.081501,2.9182,2728.331,2.7928,358063,0,
0.84633,25.3794,123.9832,0.33934,0.33955,4.2186,0.084834,3.028,2736.948,2.8016,356935.6,0,
0.87967,25.3727,128.4639,0.35267,0.34403,4.2231,0.088167,3.1375,2745.277,2.8102,355852.7,0,
0.913,25.3694,132.9197,0.366,0.34849,4.2275,0.091501,3.2463,2753.562,2.8186,354782,0.06895,
0.94633,25.3689,137.3555,0.37934,0.35293,4.232,0.094834,3.3546,2761.711,2.827,353735.2,0,
0.97967,25.3612,141.803,0.39267,0.35738,4.2364,0.098167,3.4632,2769.123,2.8346,352788.3,0,
1.013,25.3547,146.2492,0.406,0.36183,4.2409,0.1015,3.5718,2776.107,2.8417,351900.8,0.06895,
1.0463,25.353,150.6983,0.41934,0.36628,4.2453,0.10483,3.6805,2782.625,2.8484,351076.6,0,
1.0797,25.3494,155.1535,0.43267,0.37074,4.2498,0.10817,3.7893,2788.662,2.8546,350316.5,0.06895,
1.113,25.3508,159.6022,0.446,0.37519,4.2542,0.1115,3.8979,2794.473,2.8605,349588,0.20685,
1.1463,25.3504,164.0531,0.45934,0.37965,4.2587,0.11483,4.0066,2799.932,2.8661,348906.4,0,
1.1797,25.3502,168.4989,0.47267,0.3841,4.2631,0.11817,4.1152,2805.188,2.8715,348252.6,0.06895,
1.213,25.3491,172.9279,0.486,0.38853,4.2676,0.1215,4.2234,2810.447,2.8769,347601.1,0.06895,
1.2463,25.3492,177.374,0.49934,0.39298,4.272,0.12483,4.332,2815.172,2.8817,347017.7,0,
1.2797,25.3515,181.838,0.51267,0.39745,4.2765,0.12817,4.441,2819.388,2.886,346498.8,0.06895,
1.3132,25.3514,186.2974,0.52601,0.40191,4.281,0.1315,4.5499,2823.474,2.8902,345997.4,0,
1.3465,25.3486,190.7545,0.53934,0.40637,4.2854,0.13483,4.6588,2827.397,2.8942,345517.2,0,
1.3798,25.3444,195.2173,0.55267,0.41084,4.2899,0.13817,4.7678,2831.063,2.898,345069.8,0.06895,
1.4132,25.336,199.6999,0.56601,0.41532,4.2944,0.1415,4.8772,2834.286,2.9013,344677.4,0.06895,
1.4465,25.3343,204.1866,0.57934,0.41981,4.2989,0.14483,4.9868,2837.302,2.9043,344311,0,
1.4798,25.3344,208.6641,0.59267,0.42429,4.3033,0.14817,5.0962,2840.315,2.9074,343945.8,0,
1.5132,25.3218,213.1492,0.60601,0.42878,4.3078,0.1515,5.2057,2843.105,2.9103,343608.3,0,
1.5465,25.3079,217.6492,0.61934,0.43329,4.3123,0.15483,5.3156,2845.585,2.9128,343308.8,0.1379,
1.5798,25.2964,222.1577,0.63267,0.4378,4.3168,0.15817,5.4257,2847.86,2.9152,343034.6,0,
1.6132,25.2835,226.6902,0.64601,0.44233,4.3214,0.1615,5.5364,2849.736,2.9171,342808.7,0,
1.6465,25.2817,231.2266,0.65934,0.44687,4.3259,0.16484,5.6472,2851.494,2.9189,342597.4,0.06895,
1.6798,25.2759,235.7634,0.67267,0.45142,4.3305,0.16817,5.758,2853.176,2.9206,342395.4,0.06895,
1.7132,25.2703,240.3019,0.68601,0.45596,4.335,0.1715,5.8689,2854.775,2.9222,342203.6,0.06895,
1.7465,25.266,244.8334,0.69934,0.46049,4.3395,0.17484,5.9795,2856.399,2.9239,342009.1,0.06895,
1.7798,25.2625,249.3549,0.71267,0.46502,4.3441,0.17817,6.09,2858.075,2.9256,341808.5,0.06895,
1.8132,25.2639,253.901,0.72601,0.46957,4.3486,0.1815,6.201,2859.417,2.927,341648.1,0.1379,
1.8465,25.264,258.4546,0.73934,0.47412,4.3532,0.18484,6.3122,2860.627,2.9282,341503.6,0.06895,
1.8798,25.2682,263.0137,0.75268,0.47869,4.3577,0.18817,6.4235,2861.736,2.9294,341371.2,0,
1.9132,25.2658,267.5744,0.76601,0.48325,4.3623,0.1915,6.5349,2862.79,2.9304,341245.6,0,
1.9465,25.2667,272.1559,0.77934,0.48784,4.3669,0.19484,6.6468,2863.59,2.9313,341150.2,0.06895,
1.9798,25.2706,276.7595,0.79268,0.49244,4.3715,0.19817,6.7593,2864.134,2.9318,341085.4,0,
2.0132,25.2753,281.3958,0.80601,0.49708,4.3761,0.2015,6.8725,2864.328,2.932,341062.3,0.20685,
2.0465,25.2768,286.0266,0.81934,0.50172,4.3808,0.20484,6.9856,2864.571,2.9323,341033.4,0,
2.0798,25.2742,290.653,0.83268,0.50635,4.3854,0.20817,7.0986,2864.85,2.9325,341000.1,0.06895,
2.1132,25.2784,295.2874,0.84601,0.51098,4.39,0.2115,7.2118,2865.041,2.9327,340977.4,0.06895,
2.1465,25.2821,299.9204,0.85934,0.51562,4.3947,0.21484,7.3249,2865.241,2.9329,340953.6,0,
2.1798,25.2842,304.5584,0.87268,0.52026,4.3993,0.21817,7.4382,2865.388,2.9331,340936.2,0,
2.2132,25.2884,309.2024,0.88601,0.52491,4.404,0.2215,7.5516,2865.474,2.9332,340926,0.06895,
2.2465,25.2908,313.861,0.89934,0.52957,4.4086,0.22484,7.6654,2865.424,2.9331,340931.9,0,
2.2798,25.2958,318.5166,0.91268,0.53423,4.4133,0.22817,7.7791,2865.404,2.9331,340934.3,0,
2.3132,25.3019,323.1531,0.92601,0.53887,4.4179,0.2315,7.8923,2865.552,2.9333,340916.6,0,
2.3465,25.3058,327.7986,0.93935,0.54352,4.4226,0.23484,8.0058,2865.618,2.9333,340908.8,0,
2.3798,25.3041,332.4646,0.95268,0.54819,4.4272,0.23817,8.1197,2865.506,2.9332,340922.2,0,
2.4132,25.3058,337.1374,0.96601,0.55287,4.4319,0.2415,8.2339,2865.339,2.9331,340942,0,
2.4465,25.306,341.81,0.97935,0.55754,4.4366,0.24484,8.348,2865.178,2.9329,340961.2,0,
2.4798,25.3084,346.4846,0.99268,0.56222,4.4413,0.24817,8.4621,2865.005,2.9327,340981.7,0.2758,
2.5132,25.3127,351.1676,1.006,0.56691,4.446,0.2515,8.5765,2864.765,2.9325,341010.3,0.1379,
2.5465,25.3128,355.8602,1.0193,0.5716,4.4507,0.25484,8.6911,2864.455,2.9321,341047.2,0.20685,
2.5798,25.3142,360.5511,1.0327,0.5763,4.4553,0.25817,8.8057,2864.164,2.9318,341081.8,0.20685,
2.6132,25.3171,365.2432,1.046,0.58099,4.46,0.2615,8.9203,2863.873,2.9316,341116.5,0.06895,
2.6465,25.3236,369.9716,1.0593,0.58572,4.4648,0.26484,9.0358,2863.308,2.931,341183.9,0,
2.6798,25.3223,374.7278,1.0727,0.59048,4.4695,0.26817,9.1519,2862.544,2.9302,341274.9,0,
2.7132,25.3221,379.5134,1.086,0.59527,4.4743,0.2715,9.2688,2861.578,2.9292,341390,0.06895,
2.7465,25.3258,384.2985,1.0993,0.60006,4.4791,0.27483,9.3857,2860.64,2.9282,341502,0,
2.7798,25.3302,389.1098,1.1127,0.60488,4.4839,0.27817,9.5032,2859.532,2.9271,341634.3,0,
2.8132,25.3355,393.9394,1.126,0.60971,4.4888,0.2815,9.6211,2858.318,2.9259,341779.4,0.06895,
2.8465,25.3325,398.7606,1.1393,0.61453,4.4936,0.28483,9.7389,2857.194,2.9247,341913.8,0.1379,
2.8798,25.3301,403.565,1.1527,0.61934,4.4984,0.28817,9.8562,2856.216,2.9237,342031,0.1379,
2.9132,25.3282,408.3808,1.166,0.62416,4.5032,0.2915,9.9738,2855.182,2.9227,342154.9,0,
2.9465,25.3256,413.2106,1.1793,0.62899,4.508,0.29483,10.0918,2854.074,2.9215,342287.7,0,
2.9798,25.3316,418.0416,1.1927,0.63383,4.5129,0.29817,10.2098,2852.985,2.9204,342418.4,0,
3.0132,25.3398,422.8702,1.206,0.63866,4.5177,0.3015,10.3277,2851.935,2.9193,342544.4,0.1379,
3.0465,25.3351,427.7174,1.2193,0.64351,4.5226,0.30483,10.4461,2850.788,2.9182,342682.2,0.2758,
3.0798,25.3324,432.5772,1.2327,0.64837,4.5274,0.30817,10.5648,2849.58,2.9169,342827.5,0.20685,
3.1132,25.3348,437.4398,1.246,0.65324,4.5323,0.3115,10.6835,2848.382,2.9157,342971.7,0,
3.1465,25.3381,442.29,1.2593,0.65809,4.5371,0.31483,10.802,2847.29,2.9146,343103.2,0.06895,
3.1798,25.3395,447.1519,1.2727,0.66296,4.542,0.31816,10.9207,2846.148,2.9134,343240.9,0.06895,
3.2132,25.3426,452.0396,1.286,0.66785,4.5469,0.3215,11.0401,2844.867,2.9121,343395.4,0.06895,
3.2465,25.3414,456.9394,1.2993,0.67275,4.5518,0.32483,11.1598,2843.54,2.9107,343555.7,0.06895,
3.2798,25.3425,461.8563,1.3127,0.67767,4.5567,0.32816,11.2798,2842.134,2.9093,343725.7,0,
3.3132,25.3457,466.779,1.326,0.6826,4.5616,0.3315,11.4001,2840.723,2.9079,343896.4,0,
3.3465,25.346,471.7456,1.3393,0.68757,4.5666,0.33483,11.5214,2839.077,2.9062,344095.8,0,
3.3798,25.3472,476.7454,1.3527,0.69257,4.5716,0.33816,11.6435,2837.268,2.9043,344315.1,0,
3.4132,25.3497,481.7317,1.366,0.69756,4.5766,0.3415,11.7653,2835.576,2.9026,344520.6,0.06895,
3.4465,25.3523,486.7072,1.3793,0.70254,4.5816,0.34483,11.8868,2833.981,2.901,344714.5,0.06895,
3.4798,25.3528,491.714,1.3927,0.70755,4.5866,0.34816,12.0091,2832.24,2.8992,344926.4,0.1379,
3.5132,25.3505,496.7602,1.406,0.7126,4.5916,0.3515,12.1323,2830.308,2.8972,345161.9,0.06895,
3.5465,25.3482,501.8753,1.4193,0.71772,4.5968,0.35483,12.2572,2828.026,2.8949,345440.4,0.06895,
3.5798,25.3461,507.0381,1.4326,0.72289,4.6019,0.35816,12.3833,2825.525,2.8923,345746.2,0,
3.6132,25.3458,512.2766,1.446,0.72813,4.6072,0.3615,12.5113,2822.656,2.8894,346097.5,0.06895,
3.6465,25.3423,517.5535,1.4593,0.73341,4.6125,0.36483,12.6401,2819.638,2.8863,346468,0.06895,
3.68,25.3479,522.8519,1.4726,0.73871,4.6178,0.36816,12.7695,2816.564,2.8831,346846.1,0.06895,
3.7133,25.357,528.2005,1.486,0.74406,4.6231,0.37149,12.9002,2813.284,2.8798,347250.5,0.06895,
3.7467,25.3568,533.6358,1.4993,0.7495,4.6285,0.37483,13.0329,2809.614,2.876,347704.2,0.06895,
3.78,25.3548,539.0638,1.5126,0.75493,4.634,0.37816,13.1655,2806.056,2.8724,348145,0,
3.8133,25.3466,544.4711,1.526,0.76034,4.6394,0.38149,13.2975,2802.675,2.8689,348565,0.06895,
3.8467,25.3351,549.8777,1.5393,0.76575,4.6448,0.38483,13.4296,2799.364,2.8655,348977.3,0.06895,
3.88,25.3333,555.2682,1.5526,0.77115,4.6502,0.38816,13.5612,2796.198,2.8623,349372.3,0.1379,
3.9133,25.3308,560.6574,1.566,0.77654,4.6556,0.39149,13.6929,2793.1,2.8591,349759.9,0.06895,
3.9467,25.3241,566.0314,1.5793,0.78192,4.661,0.39483,13.8241,2790.136,2.8561,350131.5,0.1379,
3.98,25.3213,571.377,1.5926,0.78727,4.6663,0.39816,13.9547,2787.367,2.8532,350479.3,0,
4.0133,25.3143,576.7219,1.606,0.79262,4.6717,0.40149,14.0852,2784.652,2.8505,350821,0.06895,
4.0467,25.3112,582.0793,1.6193,0.79798,4.677,0.40483,14.216,2781.926,2.8477,351164.7,0.06895,
4.08,25.3048,587.4301,1.6326,0.80333,4.6824,0.40816,14.3467,2779.282,2.845,351498.8,0.06895,
4.1133,25.2948,592.7761,1.646,0.80868,4.6877,0.41149,14.4773,2776.709,2.8423,351824.6,0.06895,
4.1467,25.2878,598.121,1.6593,0.81403,4.6931,0.41482,14.6078,2774.186,2.8397,352144.5,0.20685,
4.18,25.2778,603.4795,1.6726,0.81939,4.6984,0.41816,14.7387,2771.646,2.8371,352467.3,0,
4.2133,25.2693,608.856,1.686,0.82477,4.7038,0.42149,14.87,2769.068,2.8345,352795.4,0.1379,
4.2467,25.2607,614.2328,1.6993,0.83015,4.7092,0.42482,15.0013,2766.534,2.8319,353118.5,0.20685,
4.28,25.261,619.6172,1.7126,0.83554,4.7146,0.42816,15.1328,2764.01,2.8293,353441,0.06895,
4.3133,25.2612,625.0384,1.726,0.84096,4.72,0.43149,15.2652,2761.368,2.8266,353779.2,0.06895,
4.3467,25.2603,630.4795,1.7393,0.84641,4.7255,0.43482,15.3981,2758.684,2.8239,354123.3,0.06895,
4.38,25.2617,636.0169,1.7526,0.85195,4.731,0.43816,15.5334,2755.628,2.8207,354516.1,0.1379,
4.4133,25.2558,641.5844,1.766,0.85752,4.7366,0.44149,15.6693,2752.495,2.8175,354919.6,0.06895,
4.4467,25.2495,647.134,1.7793,0.86307,4.7421,0.44482,15.8049,2749.492,2.8145,355307.2,0.06895,
4.48,25.2494,652.6738,1.7926,0.86862,4.7477,0.44816,15.9402,2746.584,2.8115,355683.5,0.06895,
4.5133,25.2449,658.1972,1.806,0.87414,4.7532,0.45149,16.0751,2743.791,2.8086,356045.4,0.1379,
4.5467,25.2334,663.6972,1.8193,0.87965,4.7587,0.45482,16.2094,2741.142,2.8059,356389.5,0.06895,
4.58,25.2258,669.2194,1.8326,0.88517,4.7642,0.45815,16.3442,2738.443,2.8032,356740.8,0.06895,
4.6133,25.2204,674.7438,1.846,0.8907,4.7697,0.46149,16.4792,2735.783,2.8004,357087.6,0.06895,
4.6467,25.2184,680.272,1.8593,0.89623,4.7753,0.46482,16.6142,2733.149,2.7977,357431.8,0.1379,
4.68,25.2111,685.8097,1.8726,0.90177,4.7808,0.46815,16.7494,2730.52,2.795,357776,0.1379,
4.7133,25.204,691.3897,1.8859,0.90736,4.7864,0.47149,16.8857,2727.766,2.7922,358137.2,0,
4.7467,25.1975,696.9849,1.8993,0.91296,4.792,0.47482,17.0224,2724.997,2.7894,358501,0,
4.78,25.1944,702.5759,1.9126,0.91855,4.7976,0.47815,17.1589,2722.288,2.7866,358857.8,0,
4.8133,25.1912,708.1609,1.9259,0.92414,4.8032,0.48149,17.2953,2719.645,2.7839,359206.5,0.06895,
4.8467,25.189,713.746,1.9393,0.92973,4.8088,0.48482,17.4317,2717.043,2.7812,359550.6,0.06895,
4.88,25.1843,719.3428,1.9526,0.93533,4.8144,0.48815,17.5684,2714.438,2.7786,359895.7,0.20685,
4.9125,25.1827,724.7958,1.9656,0.94078,4.8198,0.4914,17.7016,2711.95,2.776,360225.8,0,
4.945,25.1842,730.2371,1.9786,0.94623,4.8253,0.49465,17.8345,2709.543,2.7736,360545.8,0,
4.9783,25.185,735.822,1.9919,0.95182,4.8309,0.49799,17.9709,2707.096,2.7711,360871.6,0.06895,
5.0117,25.1783,741.4257,2.0053,0.95742,4.8365,0.50132,18.1077,2704.619,2.7685,361202.2,0.1379,
5.045,25.1804,747.0274,2.0186,0.96303,4.8421,0.50465,18.2445,2702.185,2.766,361527.6,0,
5.0783,25.179,752.6444,2.0319,0.96865,4.8477,0.50798,18.3817,2699.732,2.7635,361856,0,
5.1117,25.1819,758.2503,2.0453,0.97426,4.8533,0.51132,18.5186,2697.356,2.7611,362174.8,0.06895,
5.145,25.1803,763.8861,2.0586,0.9799,4.8589,0.51465,18.6563,2694.909,2.7586,362503.7,0.06895,
5.1783,25.1778,769.5508,2.0719,0.98557,4.8646,0.51798,18.7946,2692.396,2.756,362842,0.06895,
5.2117,25.1693,775.2595,2.0853,0.99128,4.8703,0.52132,18.9341,2689.768,2.7533,363196.6,0.06895,
5.245,25.1571,781.0666,2.0986,0.99709,4.8761,0.52465,19.0759,2686.839,2.7503,363592.4,0,
5.2783,25.1575,786.9148,2.1119,1.0029,4.882,0.52798,19.2187,2683.814,2.7472,364002.3,0.06895,
5.3117,25.1542,792.7732,2.1253,1.0088,4.8879,0.53132,19.3618,2680.798,2.7441,364411.7,0.1379,
5.345,25.1462,798.6434,2.1386,1.0147,4.8937,0.53465,19.5052,2677.788,2.7411,364821.4,0,
5.3783,25.1382,804.4863,2.1519,1.0205,4.8996,0.53798,19.6479,2674.912,2.7381,365213.6,0.06895,
5.4117,25.1334,810.3352,2.1653,1.0264,4.9054,0.54132,19.7907,2672.058,2.7352,365603.8,0,
5.445,25.132,816.2046,2.1786,1.0322,4.9113,0.54465,19.934,2669.177,2.7323,365998.3,0.06895,
5.4783,25.1332,822.087,2.1919,1.0381,4.9172,0.54798,20.0777,2666.296,2.7293,366393.8,0,
5.5117,25.132,827.9922,2.2053,1.044,4.9231,0.55131,20.2219,2663.382,2.7263,366794.7,0,
5.545,25.133,833.94,2.2186,1.05,4.929,0.55465,20.3672,2660.374,2.7232,367209.5,0,
5.5783,25.1322,839.9571,2.2319,1.056,4.9351,0.55798,20.5142,2657.188,2.72,367649.6,0.06895,
5.6117,25.1379,845.9672,2.2453,1.062,4.9411,0.56131,20.6609,2654.07,2.7168,368081.6,0,
5.645,25.1477,851.9444,2.2586,1.068,4.9471,0.56465,20.8069,2651.099,2.7137,368494.2,0,
5.6783,25.1447,857.8969,2.2719,1.074,4.953,0.56798,20.9523,2648.245,2.7108,368891.2,0.06895,
5.7117,25.1467,863.8882,2.2853,1.08,4.959,0.57131,21.0986,2645.312,2.7078,369300.3,0,
5.745,25.1465,869.8682,2.2986,1.0859,4.965,0.57465,21.2447,2642.453,2.7049,369699.8,0,
5.7783,25.1484,875.8456,2.3119,1.0919,4.971,0.57798,21.3907,2639.641,2.702,370093.6,0,
5.8117,25.1527,881.8294,2.3253,1.0979,4.977,0.58131,21.5368,2636.85,2.6992,370485.5,0.06895,
5.845,25.1539,887.8938,2.3386,1.104,4.983,0.58465,21.6849,2633.854,2.6961,370906.8,0,
5.8783,25.1547,893.9755,2.3519,1.1101,4.9891,0.58798,21.8334,2630.85,2.693,371330.2,0.1379,
5.9117,25.1583,900.0911,2.3652,1.1162,4.9952,0.59131,21.9828,2627.787,2.6899,371763.1,0.06895,
5.945,25.1644,906.2118,2.3786,1.1223,5.0014,0.59464,22.1323,2624.751,2.6868,372193.2,0.20685,
5.9783,25.1657,912.3447,2.3919,1.1284,5.0075,0.59798,22.2821,2621.72,2.6837,372623.4,0,
6.0117,25.1658,918.4859,2.4052,1.1346,5.0136,0.60131,22.4321,2618.707,2.6806,373052.2,0,
6.0451,25.1715,924.6622,2.4186,1.1408,5.0198,0.60464,22.5829,2615.632,2.6774,373490.7,0.06895,
6.0785,25.1741,930.9004,2.4319,1.147,5.0261,0.60798,22.7353,2612.424,2.6742,373949.5,0.1379,
6.1118,25.1669,937.1195,2.4452,1.1532,5.0323,0.61131,22.8871,2609.313,2.671,374395.2,0.06895,
6.1452,25.1558,943.3438,2.4586,1.1595,5.0385,0.61464,23.0392,2606.23,2.6678,374838.2,0.06895,
6.1785,25.1531,949.5785,2.4719,1.1657,5.0447,0.61798,23.1914,2603.158,2.6647,375280.4,0,
6.2118,25.1577,955.7964,2.4852,1.1719,5.051,0.62131,23.3433,2600.172,2.6616,375711.4,0,
6.2452,25.1471,962.0578,2.4986,1.1782,5.0572,0.62464,23.4962,2597.108,2.6585,376154.6,0,
6.2785,25.1414,968.3918,2.5119,1.1845,5.0636,0.62797,23.6509,2593.889,2.6552,376621.5,0.20685,
6.3118,25.1398,974.7332,2.5252,1.1909,5.0699,0.63131,23.8058,2590.692,2.6519,377086.4,0,
6.3452,25.1343,981.0808,2.5386,1.1972,5.0763,0.63464,23.9608,2587.519,2.6487,377548.6,0.1379,
6.3785,25.1283,987.434,2.5519,1.2036,5.0826,0.63797,24.116,2584.373,2.6454,378008.3,0.1379,
6.4118,25.1301,993.8488,2.5652,1.21,5.089,0.64131,24.2726,2581.107,2.6421,378486.6,0.06895,
6.4452,25.126,1000.415,2.5786,1.2166,5.0956,0.64464,24.433,2577.492,2.6384,379017.4,0,
6.4785,25.1208,1006.968,2.5919,1.2231,5.1022,0.64797,24.593,2573.96,2.6348,379537.6,0.06895,
6.5118,25.1197,1013.501,2.6052,1.2297,5.1087,0.65131,24.7526,2570.522,2.6313,380045.2,0.20685,
6.5452,25.1154,1020.057,2.6186,1.2362,5.1153,0.65464,24.9127,2567.071,2.6277,380556,0,
6.5785,25.113,1026.676,2.6319,1.2428,5.1219,0.65797,25.0744,2563.507,2.6241,381085.1,0.06895,
6.6118,25.113,1033.31,2.6452,1.2495,5.1285,0.66131,25.2364,2559.952,2.6204,381614.4,0,
6.6452,25.1163,1039.96,2.6586,1.2561,5.1352,0.66464,25.3988,2556.402,2.6168,382144.2,0,
6.6785,25.1181,1046.629,2.6719,1.2628,5.1418,0.66797,25.5617,2552.852,2.6132,382675.6,0.2758,
6.7118,25.12,1053.312,2.6852,1.2695,5.1485,0.67131,25.7249,2549.314,2.6096,383206.8,0.1379,
6.7452,25.1171,1060.011,2.6986,1.2762,5.1552,0.67464,25.8885,2545.778,2.6059,383739,0,
6.7785,25.1145,1066.717,2.7119,1.2829,5.1619,0.67797,26.0523,2542.273,2.6023,384268,0,
6.8118,25.1125,1073.466,2.7252,1.2897,5.1687,0.6813,26.2171,2538.71,2.5987,384807.5,0.20685,
6.8452,25.1117,1080.264,2.7386,1.2965,5.1755,0.68464,26.3831,2535.074,2.595,385359.2,0,
6.8785,25.1103,1087.181,2.7519,1.3034,5.1824,0.68797,26.5521,2531.21,2.591,385947.5,0.20685,
6.9118,25.1105,1094.125,2.7652,1.3103,5.1894,0.6913,26.7217,2527.331,2.5871,386540,0.1379,
6.9452,25.1138,1101.082,2.7785,1.3173,5.1963,0.69464,26.8916,2523.472,2.5831,387131,0.20685,
6.9785,25.1146,1108.078,2.7919,1.3243,5.2033,0.69797,27.0624,2519.57,2.5791,387730.6,0,
7.0118,25.1212,1115.079,2.8052,1.3313,5.2103,0.7013,27.2334,2515.708,2.5752,388325.8,0.1379,
7.0452,25.1246,1122.072,2.8185,1.3383,5.2173,0.70464,27.4042,2511.91,2.5713,388912.9,0.06895,
7.0785,25.1293,1129.094,2.8319,1.3453,5.2244,0.70797,27.5757,2508.097,2.5674,389504.2,0.06895,
7.1118,25.1336,1136.227,2.8452,1.3524,5.2315,0.7113,27.7499,2504.085,2.5633,390128.2,0.06895,
7.1452,25.138,1143.406,2.8585,1.3596,5.2387,0.71464,27.9252,2500.024,2.5591,390762,0.06895,
7.1785,25.1384,1150.596,2.8719,1.3668,5.2459,0.71797,28.1008,2495.988,2.555,391393.8,0.20685,
7.2118,25.1391,1157.805,2.8852,1.374,5.2531,0.7213,28.2769,2491.963,2.5509,392026,0.06895,
7.2452,25.1448,1165.048,2.8985,1.3813,5.2603,0.72463,28.4538,2487.915,2.5467,392663.9,0,
7.2785,25.1504,1172.32,2.9119,1.3886,5.2676,0.72797,28.6314,2483.854,2.5426,393305.8,0.06895,
7.3118,25.1582,1179.623,2.9252,1.3959,5.2749,0.7313,28.8098,2479.78,2.5384,393952.1,0.06895,
7.3452,25.1635,1186.945,2.9385,1.4032,5.2822,0.73463,28.9886,2475.714,2.5342,394599,0,
7.3785,25.1656,1194.334,2.9519,1.4106,5.2896,0.73797,29.169,2471.56,2.53,395262.2,0.1379,
7.4118,25.1639,1201.774,2.9652,1.418,5.2971,0.7413,29.3508,2467.352,2.5257,395936.3,0.06895,
7.4452,25.1644,1209.246,2.9785,1.4255,5.3045,0.74463,29.5332,2463.133,2.5213,396614.6,0,
7.4785,25.1741,1216.759,2.9919,1.433,5.3121,0.74797,29.7167,2458.88,2.517,397300.5,0.06895,
7.5118,25.1658,1224.305,3.0052,1.4406,5.3196,0.7513,29.901,2454.616,2.5126,397990.8,0,
7.5452,25.1653,1231.907,3.0185,1.4482,5.3272,0.75463,30.0867,2450.29,2.5082,398693.2,0.06895,
7.5785,25.1683,1239.607,3.0319,1.4559,5.3349,0.75797,30.2747,2445.826,2.5036,399421,0.06895,
7.6118,25.1748,1247.356,3.0452,1.4636,5.3427,0.7613,30.464,2441.319,2.499,400158.4,0.06895,
7.6452,25.1827,1255.208,3.0585,1.4715,5.3505,0.76463,30.6558,2436.669,2.4943,400922,0.06895,
7.6785,25.1817,1263.132,3.0719,1.4794,5.3585,0.76796,30.8493,2431.938,2.4894,401702,0.20685,
7.7118,25.1766,1271.121,3.0852,1.4874,5.3664,0.7713,31.0444,2427.143,2.4845,402495.6,0.06895,
7.7452,25.1707,1279.177,3.0985,1.4955,5.3745,0.77463,31.2412,2422.28,2.4795,403303.5,0.06895,
7.7785,25.1642,1287.325,3.1119,1.5036,5.3827,0.77796,31.4402,2417.304,2.4744,404133.8,0.06895,
7.8118,25.1597,1295.643,3.1252,1.5119,5.391,0.7813,31.6433,2412.076,2.4691,405009.7,0,
7.8452,25.1574,1304.207,3.1385,1.5205,5.3995,0.78463,31.8525,2406.459,2.4633,405955.1,0.20685,
7.8785,25.1503,1312.829,3.1519,1.5291,5.4082,0.78796,32.063,2400.81,2.4575,406910.3,0.1379,
7.9118,25.1446,1321.43,3.1652,1.5377,5.4168,0.7913,32.2731,2395.275,2.4519,407850.6,0.06895,
7.9452,25.1378,1330.11,3.1785,1.5464,5.4255,0.79463,32.4851,2389.665,2.4461,408808,0.06895,
7.9785,25.1345,1338.883,3.1919,1.5552,5.4342,0.79796,32.6994,2383.965,2.4403,409785.5,0.1379,
8.0118,25.1327,1347.794,3.2052,1.5641,5.4432,0.8013,32.917,2378.095,2.4343,410797,0,
8.0452,25.128,1356.872,3.2185,1.5732,5.4522,0.80463,33.1387,2372.012,2.4281,411850.5,0.06895,
8.0785,25.1193,1365.96,3.2318,1.5823,5.4613,0.80796,33.3606,2365.991,2.4219,412898.5,0.20685,
8.1118,25.1064,1375.063,3.2452,1.5914,5.4704,0.8113,33.583,2360.023,2.4158,413942.8,0.06895,
8.1452,25.1038,1384.175,3.2585,1.6005,5.4795,0.81463,33.8055,2354.119,2.4097,414980.9,0.06895,
8.1785,25.1101,1393.306,3.2718,1.6096,5.4887,0.81796,34.0285,2348.261,2.4038,416016.1,0,
8.2118,25.1069,1402.494,3.2852,1.6188,5.4979,0.82129,34.2529,2342.383,2.3977,417060.1,0,
8.2452,25.1027,1411.744,3.2985,1.6281,5.5071,0.82463,34.4788,2336.478,2.3917,418114,0,
8.2785,25.105,1421.035,3.3118,1.6374,5.5164,0.82796,34.7058,2330.584,2.3857,419171.5,0,
8.3118,25.1068,1430.416,3.3252,1.6468,5.5258,0.83129,34.9348,2324.62,2.3796,420246.8,0.2758,
8.3452,25.1068,1439.951,3.3385,1.6563,5.5353,0.83463,35.1677,2318.486,2.3733,421358.7,0.06895,
8.3785,25.1083,1449.599,3.3518,1.6659,5.545,0.83796,35.4033,2312.254,2.3669,422494.4,0.1379,
8.4119,25.1111,1459.3,3.3652,1.6757,5.5547,0.84129,35.6403,2306.017,2.3605,423637,0.2758,
8.4453,25.1151,1469.127,3.3785,1.6855,5.5645,0.84463,35.8803,2299.668,2.354,424806.8,0.06895,
8.4787,25.1168,1479.068,3.3918,1.6954,5.5745,0.84796,36.1231,2293.225,2.3474,426000.2,0.06895,
8.512,25.1235,1489.107,3.4052,1.7055,5.5845,0.85129,36.3683,2286.718,2.3408,427212.3,0.06895,
8.5453,25.1246,1499.338,3.4185,1.7157,5.5948,0.85463,36.6181,2280.008,2.3339,428469.8,0.06895,
8.5787,25.1183,1509.567,3.4318,1.7259,5.605,0.85796,36.8679,2273.39,2.3271,429717.1,0.06895,
8.612,25.1145,1519.796,3.4452,1.7362,5.6152,0.86129,37.1178,2266.862,2.3204,430954.6,0.06895,
8.6453,25.1156,1530.087,3.4585,1.7465,5.6255,0.86462,37.3691,2260.328,2.3137,432200.2,0.1379,
8.6787,25.1135,1540.461,3.4718,1.7568,5.6359,0.86796,37.6225,2253.761,2.307,433459.6,0.2758,
8.712,25.1108,1550.965,3.4852,1.7673,5.6464,0.87129,37.879,2247.094,2.3002,434745.8,0.06895,
8.7453,25.1007,1561.518,3.4985,1.7779,5.657,0.87462,38.1367,2240.446,2.2934,436035.7,0.06895,
8.7787,25.0896,1572.146,3.5118,1.7885,5.6676,0.87796,38.3963,2233.781,2.2866,437336.7,0,
8.812,25.0822,1582.909,3.5252,1.7993,5.6784,0.88129,38.6591,2227.014,2.2796,438665.4,0,
8.8453,25.0752,1593.89,3.5385,1.8103,5.6893,0.88462,38.9273,2220.036,2.2725,440044.4,0.06895,
8.8787,25.0685,1604.956,3.5518,1.8214,5.7004,0.88796,39.1976,2213.035,2.2653,441436.4,0.1379,
8.912,25.0622,1616.081,3.5652,1.8325,5.7115,0.89129,39.4693,2206.052,2.2582,442833.9,0,
8.9453,25.0509,1627.342,3.5785,1.8438,5.7228,0.89462,39.7443,2198.978,2.2509,444258.4,0.06895,
8.9787,25.0529,1638.677,3.5918,1.8551,5.7341,0.89796,40.0212,2191.904,2.2437,445692.2,0.06895,
9.012,25.0516,1650.074,3.6052,1.8665,5.7455,0.90129,40.2995,2184.844,2.2365,447132.4,0,
9.0453,25.0473,1661.535,3.6185,1.878,5.757,0.90462,40.5794,2177.797,2.2293,448579,0.06895,
9.0787,25.0376,1673.068,3.6318,1.8895,5.7685,0.90795,40.8611,2170.754,2.2221,450034.4,0,
9.112,25.0182,1684.698,3.6452,1.9011,5.7802,0.91129,41.1451,2163.683,2.2148,451505.4,0,
9.1453,25.0111,1696.438,3.6585,1.9129,5.7919,0.91462,41.4319,2156.568,2.2075,452994.9,0.06895,
9.1787,25.0088,1708.25,3.6718,1.9247,5.8037,0.91795,41.7203,2149.461,2.2003,454492.8,0.1379,
9.212,24.999,1720.182,3.6851,1.9366,5.8157,0.92129,42.0118,2142.301,2.1929,456011.7,0,
9.2453,24.9937,1732.258,3.6985,1.9487,5.8277,0.92462,42.3067,2135.064,2.1855,457557.4,0.1379,
9.2787,24.9825,1744.498,3.7118,1.9609,5.84,0.92795,42.6056,2127.725,2.178,459135.6,0,
9.312,24.9706,1756.851,3.7251,1.9733,5.8523,0.93129,42.9073,2120.354,2.1705,460731.8,0,
9.3453,24.9698,1769.443,3.7385,1.9859,5.8649,0.93462,43.2148,2112.8,2.1627,462379.1,0,
9.3787,24.9664,1782.225,3.7518,1.9987,5.8777,0.93795,43.527,2105.127,2.1549,464064.3,0.06895,
9.412,24.963,1795.28,3.7651,2.0117,5.8908,0.94129,43.8459,2097.245,2.1468,465808.3,0,
9.4453,24.9648,1808.519,3.7785,2.025,5.904,0.94462,44.1692,2089.265,2.1386,467587.6,0.06895,
9.4787,24.9653,1821.9,3.7918,2.0384,5.9174,0.94795,44.496,2081.238,2.1304,469391,0.06895,
9.512,24.9618,1835.49,3.8051,2.052,5.931,0.95129,44.8279,2073.092,2.1221,471235.4,0.06895,
9.5453,24.9611,1849.355,3.8185,2.0658,5.9449,0.95462,45.1665,2064.759,2.1136,473137.1,0.1379,
9.5787,24.961,1863.481,3.8318,2.08,5.959,0.95795,45.5115,2056.261,2.1049,475092.6,0.06895,
9.612,24.958,1877.759,3.8451,2.0942,5.9733,0.96128,45.8602,2047.727,2.0961,477072.6,0.1379,
9.6453,24.9526,1892.292,3.8585,2.1088,5.9878,0.96462,46.2152,2039.045,2.0872,479103.9,0.06895,
9.6787,24.9538,1907.173,3.8718,2.1237,6.0027,0.96795,46.5786,2030.126,2.0781,481208.6,0.06895,
9.712,24.9574,1922.225,3.8851,2.1387,6.0178,0.97128,46.9462,2021.165,2.0689,483342.2,0.1379,
9.7453,24.9627,1937.484,3.8985,2.154,6.033,0.97462,47.3189,2012.129,2.0597,485512.8,0.1379,
9.7787,24.9694,1953.105,3.9118,2.1696,6.0486,0.97795,47.7004,2002.862,2.0502,487759.3,0.06895,
9.812,24.9712,1969.158,3.9251,2.1857,6.0647,0.98128,48.0925,1993.304,2.0404,490098,0.2758,
9.8453,24.973,1985.764,3.9385,2.2023,6.0813,0.98462,48.498,1983.349,2.0302,492557.9,0.1379,
9.8787,24.9639,2002.984,3.9518,2.2195,6.0985,0.98795,48.9186,1972.955,2.0196,495153,0.1379,
9.912,24.9581,2021.186,3.9651,2.2377,6.1167,0.99128,49.3631,1961.783,2.0081,497972.7,0,
9.9453,24.962,2040.768,3.9785,2.2573,6.1363,0.99462,49.8414,1949.492,1.9956,501112.2,0.06895,
9.9787,24.9653,2061.804,3.9918,2.2783,6.1574,0.99795,50.3551,1936.069,1.9818,504586.6,0,
10.012,24.9627,2084.636,4.0051,2.3012,6.1802,1.0013,50.9128,1921.259,1.9667,508476.2,0.06895,
10.0453,24.9592,2111.98,4.0185,2.3285,6.2076,1.0046,51.5806,1902.697,1.9477,513436.6,0,