time,temperature,displacement,static_force,position,length,stress,strain,stiffness,relaxation_modulus,creep_compliance,gca_pressure,
0.046333,24.9537,3.9422,0.019335,1.0201,4.8991,0.0048337,0.080533,4904.538,6.0021,166607.1,0,
0.079667,24.9531,7.1846,0.032668,1.0233,4.9024,0.0081671,0.14677,4546.996,5.5646,179707.8,0.06895,
0.113,24.9494,10.555,0.046002,1.0267,4.9057,0.0115,0.21562,4358.295,5.3337,187488.6,0.06895,
0.14633,24.9402,13.9859,0.059335,1.0301,4.9092,0.014834,0.28571,4242.488,5.1919,192606.5,0.20685,
0.17967,24.9198,17.4309,0.072668,1.0336,4.9126,0.018167,0.35608,4168.937,5.1019,196004.6,0.06895,
0.213,24.9066,20.8738,0.086002,1.037,4.9161,0.0215,0.42642,4120.08,5.0421,198328.9,0,
0.24633,24.8996,24.3145,0.099335,1.0405,4.9195,0.024834,0.4967,4085.417,4.9997,200011.6,0.06895,
0.27967,24.8931,27.7467,0.11267,1.0439,4.923,0.028167,0.56682,4060.591,4.9693,201234.4,0.1379,
0.313,24.8884,31.168,0.126,1.0473,4.9264,0.0315,0.63671,4042.66,4.9474,202127,0.06895,
0.34633,24.8829,34.5715,0.13933,1.0507,4.9298,0.034834,0.70624,4030.338,4.9323,202745,0.20685,
0.37967,24.8788,37.9617,0.15267,1.0541,4.9332,0.038167,0.77549,4021.625,4.9216,203184.2,0.06895,
0.413,24.8754,41.345,0.166,1.0575,4.9366,0.0415,0.84461,4015.025,4.9136,203518.2,0.06895,
0.44633,24.8735,44.7228,0.17933,1.0609,4.9399,0.044834,0.91361,4009.908,4.9073,203778,0,
0.47967,24.8746,48.0897,0.19267,1.0643,4.9433,0.048167,0.98239,4006.421,4.903,203955.3,0,
0.513,24.8783,51.4481,0.206,1.0676,4.9467,0.0515,1.051,4004.057,4.9001,204075.7,0.06895,
0.54633,24.8776,54.7996,0.21933,1.071,4.95,0.054834,1.1195,4002.478,4.8982,204156.2,0.06895,
0.57967,24.8771,58.1374,0.23267,1.0743,4.9534,0.058167,1.1876,4002.03,4.8977,204179,0,
0.613,24.8755,61.4599,0.246,1.0777,4.9567,0.0615,1.2555,4002.62,4.8984,204149,0,
0.64633,24.8721,64.7831,0.25933,1.081,4.96,0.064834,1.3234,4003.115,4.899,204123.7,0,
0.67967,24.8727,68.1105,0.27267,1.0843,4.9634,0.068167,1.3914,4003.312,4.8992,204113.7,0.1379,
0.713,24.874,71.4402,0.286,1.0876,4.9667,0.0715,1.4594,4003.366,4.8993,204111,0.06895,
0.74633,24.8742,74.7639,0.29933,1.091,4.97,0.074834,1.5273,4003.734,4.8997,204092.2,0.06895,
0.77967,24.8746,78.0756,0.31267,1.0943,4.9733,0.078167,1.595,4004.69,4.9009,204043.5,0.06895,
0.813,24.876,81.3836,0.326,1.0976,4.9766,0.0815,1.6625,4005.744,4.9022,203989.8,0.06895,
0.84633,24.8771,84.6913,0.33934,1.1009,4.98,0.084834,1.7301,4006.731,4.9034,203939.5,0.20685,
0.87967,24.8779,87.9927,0.35267,1.1042,4.9833,0.088167,1.7975,4007.937,4.9049,203878.2,0.06895,
0.913,24.8791,91.2777,0.366,1.1075,4.9866,0.091501,1.8646,4009.771,4.9071,203784.9,0.06895,
0.94633,24.8782,94.5728,0.37934,1.1108,4.9898,0.094834,1.932,4011.05,4.9087,203719.9,0,
0.97967,24.879,97.8648,0.39267,1.1141,4.9931,0.098167,1.9992,4012.368,4.9103,203653,0.1379,
1.013,24.8803,101.1554,0.406,1.1174,4.9964,0.1015,2.0664,4013.661,4.9119,203587.4,0.1379,
1.0463,24.8816,104.4549,0.41934,1.1207,4.9997,0.10483,2.1338,4014.525,4.913,203543.6,0.1379,
1.0797,24.8843,107.7444,0.43267,1.124,5.003,0.10817,2.201,4015.708,4.9144,203483.6,0.06895,
1.113,24.8859,111.0353,0.446,1.1273,5.0063,0.1115,2.2683,4016.78,4.9157,203429.3,0.06895,
1.1463,24.8872,114.3259,0.45934,1.1306,5.0096,0.11483,2.3355,4017.79,4.9169,203378.1,0.1379,
1.1797,24.8861,117.5995,0.47267,1.1339,5.0129,0.11817,2.4024,4019.326,4.9188,203300.4,0.06895,
1.213,24.8856,120.8727,0.486,1.1371,5.0162,0.1215,2.4692,4020.798,4.9206,203226,0.1379,
1.2463,24.8847,124.1645,0.49934,1.1404,5.0195,0.12483,2.5365,4021.587,4.9216,203186.2,0.06895,
1.2798,24.8849,127.4646,0.51267,1.1437,5.0228,0.12817,2.6039,4022.069,4.9222,203161.8,0.06895,
1.3132,24.8835,130.7626,0.52601,1.147,5.0261,0.1315,2.6713,4022.596,4.9228,203135.2,0,
1.3465,24.8792,134.0567,0.53934,1.1503,5.0294,0.13483,2.7385,4023.214,4.9236,203103.9,0.06895,
1.3798,24.8743,137.3508,0.55267,1.1536,5.0327,0.13817,2.8058,4023.802,4.9243,203074.3,0,
1.4132,24.8693,140.6479,0.56601,1.1569,5.036,0.1415,2.8732,4024.275,4.9249,203050.4,0.1379,
1.4465,24.866,143.9462,0.57934,1.1602,5.0393,0.14483,2.9406,4024.696,4.9254,203029.2,0.06895,
1.4798,24.8638,147.2333,0.59267,1.1635,5.0426,0.14817,3.0077,4025.406,4.9263,202993.3,0.06895,
1.5132,24.8641,150.534,0.60601,1.1668,5.0459,0.1515,3.0751,4025.714,4.9266,202977.8,0.06895,
1.5465,24.8628,153.8304,0.61934,1.1701,5.0492,0.15484,3.1425,4026.126,4.9272,202957.1,0.1379,
1.5798,24.8587,157.127,0.63267,1.1734,5.0525,0.15817,3.2098,4026.52,4.9276,202937.2,0,
1.6132,24.8547,160.4381,0.64601,1.1767,5.0558,0.1615,3.2775,4026.519,4.9276,202937.3,0,
1.6465,24.8514,163.7444,0.65934,1.18,5.0591,0.16484,3.345,4026.648,4.9278,202930.8,0.06895,
1.6798,24.8504,167.0533,0.67267,1.1834,5.0624,0.16817,3.4126,4026.704,4.9279,202928,0.06895,
1.7132,24.8491,170.3652,0.68601,1.1867,5.0657,0.1715,3.4803,4026.692,4.9278,202928.6,0,
1.7465,24.8481,173.661,0.69934,1.19,5.069,0.17484,3.5476,4027.05,4.9283,202910.5,0,
1.7798,24.8445,176.9622,0.71268,1.1933,5.0723,0.17817,3.615,4027.273,4.9286,202899.3,0.06895,
1.8132,24.8425,180.2835,0.72601,1.1966,5.0757,0.1815,3.6829,4027.041,4.9283,202910.9,0.06895,
1.8465,24.8428,183.6015,0.73934,1.1999,5.079,0.18484,3.7507,4026.886,4.9281,202918.8,0.06895,
1.8798,24.845,186.9163,0.75268,1.2032,5.0823,0.18817,3.8184,4026.808,4.928,202922.7,0.06895,
1.9132,24.8468,190.2361,0.76601,1.2066,5.0856,0.1915,3.8862,4026.624,4.9278,202932,0.06895,
1.9465,24.8458,193.5589,0.77934,1.2099,5.0889,0.19484,3.9541,4026.386,4.9275,202944,0.06895,
1.9798,24.8467,196.8852,0.79268,1.2132,5.0923,0.19817,4.022,4026.085,4.9271,202959.2,0,
2.0132,24.8445,200.2124,0.80601,1.2166,5.0956,0.2015,4.09,4025.775,4.9267,202974.8,0,
2.0465,24.8447,203.5338,0.81934,1.2199,5.0989,0.20484,4.1578,4025.59,4.9265,202984.1,0,
2.0798,24.8432,206.8691,0.83268,1.2232,5.1023,0.20817,4.226,4025.142,4.9259,203006.7,0,
2.1132,24.8422,210.2092,0.84601,1.2266,5.1056,0.2115,4.2942,4024.614,4.9253,203033.4,0.1379,
2.1465,24.8418,213.5478,0.85934,1.2299,5.1089,0.21484,4.3624,4024.13,4.9247,203057.7,0,
2.1798,24.8419,216.886,0.87268,1.2332,5.1123,0.21817,4.4306,4023.67,4.9241,203081,0.1379,
2.2132,24.8386,220.2295,0.88601,1.2366,5.1156,0.2215,4.4989,4023.128,4.9235,203108.4,0,
2.2465,24.8376,223.5779,0.89934,1.2399,5.119,0.22484,4.5673,4022.512,4.9227,203139.4,0.06895,
2.2798,24.8382,226.9275,0.91268,1.2433,5.1223,0.22817,4.6357,4021.896,4.922,203170.6,0.06895,
2.3132,24.8389,230.2677,0.92601,1.2466,5.1257,0.2315,4.704,4021.459,4.9214,203192.6,0,
2.3465,24.8378,233.6172,0.93935,1.25,5.129,0.23484,4.7724,4020.878,4.9207,203222,0,
2.3798,24.8394,236.976,0.95268,1.2534,5.1324,0.23817,4.841,4020.152,4.9198,203258.7,0.06895,
2.4132,24.8397,240.3408,0.96601,1.2567,5.1358,0.2415,4.9097,4019.346,4.9189,203299.4,0.06895,
2.4465,24.8351,243.7037,0.97935,1.2601,5.1391,0.24484,4.9784,4018.594,4.9179,203337.5,0.06895,
2.4798,24.8346,247.0704,0.99268,1.2635,5.1425,0.24817,5.0472,4017.803,4.917,203377.5,0.06895,
2.5132,24.8327,250.4415,1.006,1.2668,5.1459,0.2515,5.1161,4016.958,4.9159,203420.3,0,
2.5465,24.8341,253.8144,1.0193,1.2702,5.1493,0.25484,5.185,4016.106,4.9149,203463.5,0,
2.5798,24.8333,257.176,1.0327,1.2736,5.1526,0.25817,5.2537,4015.453,4.9141,203496.6,0.06895,
2.6132,24.8298,260.544,1.046,1.2769,5.156,0.2615,5.3225,4014.715,4.9132,203533.9,0.1379,
2.6465,24.8213,263.9254,1.0593,1.2803,5.1594,0.26484,5.3915,4013.795,4.9121,203580.6,0.1379,
2.6798,24.808,267.309,1.0727,1.2837,5.1628,0.26817,5.4607,4012.865,4.9109,203627.8,0.1379,
2.7132,24.8003,270.6913,1.086,1.2871,5.1662,0.2715,5.5298,4011.976,4.9098,203672.9,0,
2.7465,24.7973,274.0764,1.0993,1.2905,5.1695,0.27483,5.5989,4011.07,4.9087,203718.9,0,
2.7798,24.7934,277.47,1.1127,1.2939,5.1729,0.27817,5.6682,4010.062,4.9075,203770.1,0,
2.8132,24.7876,280.8666,1.126,1.2973,5.1763,0.2815,5.7376,4009.036,4.9062,203822.2,0.06895,
2.8465,24.7702,284.2628,1.1393,1.3007,5.1797,0.28483,5.807,4008.04,4.905,203872.9,0,
2.8798,24.771,287.6623,1.1527,1.3041,5.1831,0.28817,5.8764,4007.021,4.9038,203924.8,0,
2.9132,24.7686,291.0855,1.166,1.3075,5.1866,0.2915,5.9464,4005.7,4.9022,203992,0.06895,
2.9465,24.7626,294.5153,1.1793,1.311,5.19,0.29483,6.0164,4004.32,4.9005,204062.3,0,
2.9798,24.7617,297.945,1.1927,1.3144,5.1934,0.29817,6.0865,4002.976,4.8988,204130.8,0,
3.0132,24.7577,301.365,1.206,1.3178,5.1969,0.3015,6.1564,4001.788,4.8974,204191.4,0.06895,
3.0465,24.7523,304.7953,1.2193,1.3212,5.2003,0.30483,6.2264,4000.49,4.8958,204257.6,0.06895,
3.0798,24.7512,308.231,1.2327,1.3247,5.2037,0.30817,6.2966,3999.153,4.8941,204326,0.1379,
3.1132,24.7542,311.6663,1.246,1.3281,5.2072,0.3115,6.3668,3997.851,4.8925,204392.5,0.1379,
3.1465,24.7534,315.0961,1.2593,1.3316,5.2106,0.31483,6.4369,3996.648,4.8911,204454,0.06895,
3.1798,24.7523,318.539,1.2727,1.335,5.214,0.31816,6.5072,3995.304,4.8894,204522.8,0.06895,
3.2132,24.7512,321.9889,1.286,1.3385,5.2175,0.3215,6.5777,3993.903,4.8877,204594.5,0.06895,
3.2465,24.7522,325.4406,1.2993,1.3419,5.221,0.32483,6.6482,3992.51,4.886,204665.9,0,
3.2798,24.7531,328.9023,1.3127,1.3454,5.2244,0.32816,6.7189,3991.025,4.8842,204742.1,0,
3.3132,24.7535,332.3699,1.326,1.3488,5.2279,0.3315,6.7897,3989.5,4.8823,204820.4,0.2758,
3.3465,24.7534,335.8463,1.3393,1.3523,5.2314,0.33483,6.8608,3987.9,4.8804,204902.5,0,
3.3798,24.7538,339.3238,1.3527,1.3558,5.2349,0.33816,6.9318,3986.325,4.8784,204983.5,0.1379,
3.4132,24.7492,342.7931,1.366,1.3593,5.2383,0.3415,7.0027,3984.872,4.8767,205058.2,0.06895,
3.4465,24.7459,346.2669,1.3793,1.3628,5.2418,0.34483,7.0736,3983.399,4.8749,205134,0.06895,
3.4798,24.7394,349.7512,1.3927,1.3662,5.2453,0.34816,7.1448,3981.834,4.8729,205214.6,0.06895,
3.5132,24.7309,353.2393,1.406,1.3697,5.2488,0.3515,7.2161,3980.26,4.871,205295.9,0.1379,
3.5465,24.724,356.7278,1.4193,1.3732,5.2523,0.35483,7.2873,3978.71,4.8691,205375.8,0.06895,
3.5798,24.7198,360.2163,1.4326,1.3767,5.2558,0.35816,7.3586,3977.19,4.8673,205454.3,0,
3.6132,24.7138,363.7132,1.446,1.3802,5.2593,0.3615,7.43,3975.607,4.8653,205536.1,0.06895,
3.6466,24.7086,367.2094,1.4593,1.3837,5.2628,0.36483,7.5015,3974.062,4.8634,205616,0.06895,
3.68,24.7002,370.7088,1.4726,1.3872,5.2663,0.36816,7.5729,3972.514,4.8615,205696.2,0.06895,
3.7133,24.6937,374.204,1.486,1.3907,5.2698,0.37149,7.6443,3971.038,4.8597,205772.6,0.06895,
3.7467,24.691,377.7107,1.4993,1.3942,5.2733,0.37483,7.716,3969.468,4.8578,205854,0,
3.78,24.6866,381.219,1.5126,1.3977,5.2768,0.37816,7.7876,3967.91,4.8559,205934.8,0.20685,
3.8133,24.6866,384.74,1.526,1.4013,5.2803,0.38149,7.8596,3966.25,4.8539,206021,0.20685,
3.8467,24.686,388.2702,1.5393,1.4048,5.2838,0.38483,7.9317,3964.528,4.8518,206110.5,0.1379,
3.88,24.6838,391.8002,1.5526,1.4083,5.2874,0.38816,8.0038,3962.836,4.8497,206198.5,0.1379,
3.9133,24.6847,395.329,1.566,1.4119,5.2909,0.39149,8.0759,3961.187,4.8477,206284.4,0.06895,
3.9467,24.6856,398.8657,1.5793,1.4154,5.2945,0.39483,8.1481,3959.49,4.8456,206372.7,0.06895,
3.98,24.6833,402.3993,1.5926,1.4189,5.298,0.39816,8.2203,3957.852,4.8436,206458.1,0,
4.0133,24.6829,405.9453,1.606,1.4225,5.3015,0.40149,8.2928,3956.124,4.8415,206548.4,0,
4.0467,24.6832,409.501,1.6193,1.4261,5.3051,0.40483,8.3654,3954.33,4.8393,206642,0.20685,
4.08,24.6816,413.053,1.6326,1.4296,5.3087,0.40816,8.438,3952.604,4.8372,206732.3,0.06895,
4.1133,24.6773,416.6058,1.646,1.4332,5.3122,0.41149,8.5105,3950.898,4.8351,206821.6,0.06895,
4.1467,24.6734,420.1645,1.6593,1.4367,5.3158,0.41482,8.5832,3949.165,4.833,206912.3,0.06895,
4.18,24.6709,423.7304,1.6726,1.4403,5.3193,0.41816,8.6561,3947.396,4.8308,207005,0.06895,
4.2133,24.6682,427.2991,1.686,1.4439,5.3229,0.42149,8.729,3945.63,4.8286,207097.7,0,
4.2467,24.666,430.869,1.6993,1.4474,5.3265,0.42482,8.8019,3943.88,4.8265,207189.6,0,
4.28,24.6639,434.4414,1.7126,1.451,5.3301,0.42816,8.8749,3942.139,4.8244,207281,0.06895,
4.3133,24.6593,438.0222,1.726,1.4546,5.3336,0.43149,8.948,3940.35,4.8222,207375.2,0.06895,
4.3467,24.6579,441.6092,1.7393,1.4582,5.3372,0.43482,9.0213,3938.535,4.82,207470.8,0,
4.38,24.659,445.2041,1.7526,1.4618,5.3408,0.43816,9.0947,3936.679,4.8177,207568.6,0.1379,
4.4133,24.6578,448.8072,1.766,1.4654,5.3444,0.44149,9.1684,3934.781,4.8154,207668.7,0.06895,
4.4467,24.6569,452.4228,1.7793,1.469,5.3481,0.44482,9.2422,3932.805,4.8129,207773,0,
4.48,24.657,456.0448,1.7926,1.4726,5.3517,0.44816,9.3162,3930.804,4.8105,207878.8,0,
4.5133,24.6577,459.6702,1.806,1.4763,5.3553,0.45149,9.3903,3928.806,4.808,207984.5,0.1379,
4.5467,24.6606,463.3022,1.8193,1.4799,5.359,0.45482,9.4645,3926.784,4.8056,208091.6,0,
4.58,24.662,466.963,1.8326,1.4836,5.3626,0.45815,9.5392,3924.55,4.8028,208210.1,0,
4.6133,24.6602,470.642,1.846,1.4873,5.3663,0.46149,9.6144,3922.2,4.8,208334.8,0,
4.6467,24.6559,474.3299,1.8593,1.4909,5.37,0.46482,9.6897,3919.812,4.797,208461.7,0.06895,
4.68,24.6537,478.019,1.8726,1.4946,5.3737,0.46815,9.7651,3917.453,4.7942,208587.3,0.06895,
4.7133,24.6535,481.7129,1.8859,1.4983,5.3774,0.47149,9.8406,3915.09,4.7913,208713.1,0.06895,
4.7467,24.6489,485.4088,1.8993,1.502,5.3811,0.47482,9.9161,3912.746,4.7884,208838.2,0.06895,
4.78,24.6511,489.109,1.9126,1.5057,5.3848,0.47815,9.9916,3910.404,4.7855,208963.3,0.06895,
4.8133,24.6519,492.8116,1.9259,1.5094,5.3885,0.48149,10.0673,3908.078,4.7827,209087.6,0.06895,
4.8467,24.6507,496.5201,1.9393,1.5132,5.3922,0.48482,10.1431,3905.74,4.7798,209212.8,0.06895,
4.8792,24.647,500.1514,1.9523,1.5168,5.3958,0.48807,10.2172,3903.374,4.7769,209339.6,0.06895,
4.9117,24.6444,503.7808,1.9653,1.5204,5.3995,0.49132,10.2914,3901.055,4.7741,209464,0.1379,
4.945,24.6395,507.4998,1.9786,1.5241,5.4032,0.49465,10.3673,3898.74,4.7713,209588.4,0,
4.9783,24.6294,511.2216,1.9919,1.5279,5.4069,0.49799,10.4434,3896.435,4.7684,209712.4,0.06895,
5.0117,24.6194,514.9527,2.0053,1.5316,5.4107,0.50132,10.5196,3894.094,4.7656,209838.5,0,
5.045,24.6109,518.6873,2.0186,1.5353,5.4144,0.50465,10.5959,3891.76,4.7627,209964.4,0,
5.0783,24.6059,522.4223,2.0319,1.5391,5.4181,0.50798,10.6722,3889.456,4.7599,210088.7,0.1379,
5.1117,24.5993,526.151,2.0453,1.5428,5.4219,0.51132,10.7484,3887.232,4.7572,210208.9,0.1379,
5.145,24.5915,529.8952,2.0586,1.5466,5.4256,0.51465,10.8248,3884.925,4.7543,210333.7,0.06895,
5.1783,24.5857,533.6477,2.0719,1.5503,5.4294,0.51798,10.9015,3882.59,4.7515,210460.2,0,
5.2117,24.577,537.4035,2.0853,1.5541,5.4331,0.52132,10.9782,3880.265,4.7486,210586.3,0.06895,
5.245,24.5678,541.1726,2.0986,1.5578,5.4369,0.52465,11.0552,3877.876,4.7457,210716,0,
5.2783,24.5601,544.948,2.1119,1.5616,5.4407,0.52798,11.1323,3875.476,4.7428,210846.6,0.20685,
5.3117,24.5552,548.7246,2.1253,1.5654,5.4445,0.53132,11.2095,3873.1,4.7399,210975.9,0,
5.345,24.5477,552.5068,2.1386,1.5692,5.4482,0.53465,11.2868,3870.718,4.737,211105.8,0.06895,
5.3783,24.5392,556.2807,2.1519,1.573,5.452,0.53798,11.3638,3868.425,4.7342,211230.9,0.1379,
5.4117,24.5293,560.066,2.1653,1.5768,5.4558,0.54132,11.4412,3866.084,4.7313,211358.8,0.06895,
5.445,24.5227,563.86,2.1786,1.5806,5.4596,0.54465,11.5187,3863.716,4.7284,211488.4,0,
5.4783,24.5163,567.6546,2.1919,1.5844,5.4634,0.54798,11.5962,3861.375,4.7255,211616.6,0,
5.5117,24.5113,571.4574,2.2053,1.5882,5.4672,0.55131,11.6739,3859.009,4.7226,211746.3,0.06895,
5.545,24.5068,575.2652,2.2186,1.592,5.471,0.55465,11.7517,3856.641,4.7197,211876.2,0.1379,
5.5783,24.5018,579.0805,2.2319,1.5958,5.4748,0.55798,11.8296,3854.255,4.7168,212007.4,0.1379,
5.6117,24.497,582.9008,2.2453,1.5996,5.4787,0.56131,11.9077,3851.867,4.7139,212138.9,0.06895,
5.645,24.4943,586.7176,2.2586,1.6034,5.4825,0.56465,11.9856,3849.534,4.711,212267.4,0,
5.6783,24.4921,590.5372,2.2719,1.6073,5.4863,0.56798,12.0637,3847.21,4.7082,212395.7,0,
5.7117,24.4897,594.375,2.2853,1.6111,5.4901,0.57131,12.142,3844.802,4.7052,212528.7,0,
5.745,24.4868,598.2322,2.2986,1.615,5.494,0.57465,12.2209,3842.298,4.7022,212667.2,0.06895,
5.7783,24.4833,602.1274,2.3119,1.6189,5.4979,0.57798,12.3004,3839.584,4.6989,212817.5,0.06895,
5.8117,24.4784,606.0264,2.3253,1.6228,5.5018,0.58131,12.3801,3836.882,4.6956,212967.4,0,
5.845,24.4732,609.9226,2.3386,1.6267,5.5057,0.58465,12.4597,3834.228,4.6923,213114.8,0,
5.8783,24.4667,613.8161,2.3519,1.6306,5.5096,0.58798,12.5392,3831.63,4.6891,213259.4,0,
5.9117,24.4639,617.7085,2.3652,1.6345,5.5135,0.59131,12.6187,3829.068,4.686,213402,0,
5.945,24.4572,621.5894,2.3786,1.6383,5.5174,0.59464,12.698,3826.61,4.683,213539.1,0.06895,
5.9783,24.4506,625.4746,2.3919,1.6422,5.5213,0.59798,12.7774,3824.156,4.68,213676.1,0.06895,
6.0117,24.4465,629.3627,2.4052,1.6461,5.5252,0.60131,12.8568,3821.715,4.677,213812.6,0,
6.0452,24.4422,633.2558,2.4186,1.65,5.5291,0.60464,12.9363,3819.273,4.674,213949.3,0,
6.0785,24.439,637.189,2.4319,1.654,5.533,0.60798,13.0167,3816.617,4.6708,214098.2,0.1379,
6.1118,24.4352,641.0978,2.4452,1.6579,5.5369,0.61131,13.0965,3814.143,4.6677,214237,0,
6.1452,24.4296,645.0002,2.4586,1.6618,5.5408,0.61464,13.1762,3811.737,4.6648,214372.3,0.06895,
6.1785,24.4262,648.8984,2.4719,1.6657,5.5447,0.61798,13.2559,3809.385,4.6619,214504.6,0.1379,
6.2118,24.4201,652.7817,2.4852,1.6696,5.5486,0.62131,13.3352,3807.147,4.6592,214630.8,0,
6.2452,24.4166,656.671,2.4986,1.6735,5.5525,0.62464,13.4146,3804.902,4.6564,214757.4,0.06895,
6.2785,24.4156,660.5706,2.5119,1.6774,5.5564,0.62797,13.4943,3802.622,4.6536,214886.2,0,
6.3118,24.4082,664.4716,2.5252,1.6813,5.5603,0.63131,13.574,3800.362,4.6509,215013.9,0.06895,
6.3452,24.404,668.3665,2.5386,1.6852,5.5642,0.63464,13.6536,3798.163,4.6482,215138.4,0.06895,
6.3785,24.398,672.2637,2.5519,1.6891,5.5681,0.63797,13.7332,3795.977,4.6455,215262.3,0,
6.4118,24.3943,676.1722,2.5652,1.693,5.572,0.64131,13.813,3793.752,4.6428,215388.5,0.06895,
6.4452,24.3927,680.0906,2.5786,1.6969,5.5759,0.64464,13.8931,3791.498,4.64,215516.6,0,
6.4785,24.3918,684.0181,2.5919,1.7008,5.5799,0.64797,13.9733,3789.219,4.6372,215646.2,0.06895,
6.5118,24.3881,687.947,2.6052,1.7048,5.5838,0.65131,14.0536,3786.959,4.6345,215774.9,0.06895,
6.5452,24.3878,691.901,2.6186,1.7087,5.5878,0.65464,14.1343,3784.587,4.6316,215910.2,0,
6.5785,24.3866,695.8634,2.6319,1.7127,5.5917,0.65797,14.2153,3782.196,4.6286,216046.6,0,
6.6118,24.3899,699.8372,2.6452,1.7167,5.5957,0.66131,14.2965,3779.77,4.6257,216185.3,0.06895,
6.6452,24.3923,703.8144,2.6586,1.7206,5.5997,0.66464,14.3777,3777.354,4.6227,216323.6,0.06895,
6.6785,24.3919,707.8019,2.6719,1.7246,5.6037,0.66797,14.4592,3774.91,4.6197,216463.6,0.06895,
6.7118,24.3923,711.7911,2.6852,1.7286,5.6077,0.67131,14.5407,3772.485,4.6167,216602.8,0.20685,
6.7452,24.3917,715.7844,2.6986,1.7326,5.6117,0.67464,14.6222,3770.065,4.6138,216741.8,0.06895,
6.7785,24.3912,719.7708,2.7119,1.7366,5.6157,0.67797,14.7037,3767.708,4.6109,216877.4,0.06895,
6.8118,24.3914,723.7681,2.7252,1.7406,5.6197,0.6813,14.7853,3765.32,4.608,217015,0.06895,
6.8452,24.3918,727.7766,2.7386,1.7446,5.6237,0.68464,14.8672,3762.9,4.605,217154.5,0.1379,
6.8785,24.3902,731.7891,2.7519,1.7486,5.6277,0.68797,14.9492,3760.486,4.6021,217293.9,0.1379,
6.9118,24.3893,735.807,2.7652,1.7527,5.6317,0.6913,15.0313,3758.072,4.5991,217433.5,0,
6.9452,24.3901,739.834,2.7785,1.7567,5.6357,0.69464,15.1135,3755.636,4.5961,217574.5,0,
6.9785,24.3931,743.8614,2.7919,1.7607,5.6398,0.69797,15.1958,3753.226,4.5932,217714.2,0.06895,
7.0118,24.3929,747.884,2.8052,1.7647,5.6438,0.7013,15.278,3750.866,4.5903,217851.2,0.06895,
7.0452,24.3932,751.898,2.8185,1.7688,5.6478,0.70464,15.36,3748.574,4.5875,217984.4,0,
7.0785,24.3952,755.9141,2.8319,1.7728,5.6518,0.70797,15.442,3746.294,4.5847,218117,0,
7.1118,24.3988,759.942,2.8452,1.7768,5.6559,0.7113,15.5243,3743.982,4.5819,218251.8,0.06895,
7.1452,24.401,763.9702,2.8585,1.7808,5.6599,0.71464,15.6066,3741.692,4.5791,218385.4,0.1379,
7.1785,24.3995,767.9978,2.8719,1.7849,5.6639,0.71797,15.6889,3739.43,4.5763,218517.4,0,
7.2118,24.3992,772.026,2.8852,1.7889,5.668,0.7213,15.7712,3737.188,4.5736,218648.5,0,
7.2452,24.3972,776.0592,2.8985,1.7929,5.672,0.72463,15.8535,3734.946,4.5708,218779.8,0.06895,
7.2785,24.3967,780.0989,2.9119,1.797,5.676,0.72797,15.9361,3732.695,4.5681,218911.7,0.1379,
7.3118,24.3943,784.1437,2.9252,1.801,5.6801,0.7313,16.0187,3730.444,4.5653,219043.8,0,
7.3452,24.3924,788.185,2.9385,1.8051,5.6841,0.73463,16.1013,3728.232,4.5626,219173.8,0.06895,
7.3785,24.3918,792.2534,2.9519,1.8092,5.6882,0.73797,16.1844,3725.914,4.5598,219310.1,0.06895,
7.4118,24.3886,796.3288,2.9652,1.8132,5.6923,0.7413,16.2676,3723.589,4.5569,219447.1,0,
7.4452,24.3872,800.4008,2.9785,1.8173,5.6964,0.74463,16.3508,3721.302,4.5541,219581.9,0.06895,
7.4785,24.3903,804.4706,2.9919,1.8214,5.7004,0.74797,16.4339,3719.049,4.5514,219715,0,
7.5118,24.3923,808.5518,3.0052,1.8255,5.7045,0.7513,16.5173,3716.766,4.5486,219849.9,0.20685,
7.5452,24.3931,812.6443,3.0185,1.8296,5.7086,0.75463,16.6009,3714.455,4.5457,219986.7,0.06895,
7.5785,24.3895,816.74,3.0319,1.8337,5.7127,0.75797,16.6846,3712.152,4.5429,220123.2,0.06895,
7.6118,24.389,820.8344,3.0452,1.8378,5.7168,0.7613,16.7682,3709.878,4.5401,220258.2,0.1379,
7.6452,24.3878,824.9379,3.0585,1.8419,5.7209,0.76463,16.852,3707.586,4.5373,220394.3,0,
7.6785,24.386,829.0524,3.0719,1.846,5.725,0.76797,16.9361,3705.266,4.5345,220532.2,0.06895,
7.7118,24.3832,833.1708,3.0852,1.8501,5.7291,0.7713,17.0202,3702.953,4.5317,220670,0.06895,
7.7452,24.3815,837.2969,3.0985,1.8542,5.7333,0.77463,17.1045,3700.628,4.5288,220808.6,0,
7.7785,24.3821,841.4324,3.1119,1.8584,5.7374,0.77796,17.189,3698.285,4.5259,220948.6,0.06895,
7.8118,24.3867,845.5768,3.1252,1.8625,5.7416,0.7813,17.2737,3695.926,4.5231,221089.6,0,
7.8452,24.389,849.7224,3.1385,1.8667,5.7457,0.78463,17.3584,3693.585,4.5202,221229.7,0.06895,
7.8785,24.386,853.8735,3.1519,1.8708,5.7499,0.78796,17.4432,3691.242,4.5173,221370.2,0,
7.9118,24.3851,858.0258,3.1652,1.875,5.754,0.7913,17.528,3688.918,4.5145,221509.6,0.06895,
7.9452,24.3872,862.1962,3.1785,1.8792,5.7582,0.79463,17.6132,3686.538,4.5116,221652.6,0,
7.9785,24.3895,866.3818,3.1919,1.8833,5.7624,0.79796,17.6987,3684.116,4.5086,221798.3,0.06895,
8.0118,24.3934,870.5688,3.2052,1.8875,5.7666,0.8013,17.7842,3681.712,4.5057,221943.2,0,
8.0452,24.3961,874.7554,3.2185,1.8917,5.7708,0.80463,17.8697,3679.332,4.5027,222086.7,0.1379,
8.0785,24.3989,878.9501,3.2318,1.8959,5.775,0.80796,17.9554,3676.941,4.4998,222231.1,0,
8.1118,24.4048,883.1535,3.2452,1.9001,5.7792,0.8113,18.0413,3674.538,4.4969,222376.5,0,
8.1452,24.4082,887.3626,3.2585,1.9043,5.7834,0.81463,18.1273,3672.132,4.4939,222522.2,0,
8.1785,24.4116,891.5665,3.2718,1.9085,5.7876,0.81796,18.2132,3669.772,4.491,222665.3,0.06895,
8.2118,24.4152,895.7774,3.2852,1.9128,5.7918,0.82129,18.2992,3667.404,4.4881,222809,0,
8.2452,24.4206,900.0019,3.2985,1.917,5.796,0.82463,18.3855,3665.003,4.4852,222955,0.06895,
8.2785,24.4224,904.2313,3.3118,1.9212,5.8003,0.82796,18.4719,3662.605,4.4823,223101,0.06895,
8.3118,24.4246,908.4822,3.3252,1.9255,5.8045,0.83129,18.5587,3660.143,4.4793,223251,0.1379,
8.3452,24.4259,912.7406,3.3385,1.9297,5.8088,0.83463,18.6457,3657.674,4.4762,223401.8,0.1379,
8.3785,24.4275,917.0025,3.3518,1.934,5.8131,0.83796,18.7328,3655.213,4.4732,223552.2,0,
8.412,24.4269,921.2726,3.3652,1.9383,5.8173,0.84129,18.82,3652.744,4.4702,223703.3,0.20685,
8.4453,24.4298,925.552,3.3785,1.9426,5.8216,0.84463,18.9074,3650.259,4.4672,223855.6,0.2758,
8.4787,24.431,929.8372,3.3918,1.9468,5.8259,0.84796,18.995,3647.775,4.4641,224008,0.06895,
8.512,24.4328,934.1425,3.4052,1.9512,5.8302,0.85129,19.0829,3645.235,4.461,224164,0.06895,
8.5453,24.4338,938.4586,3.4185,1.9555,5.8345,0.85463,19.1711,3642.676,4.4579,224321.5,0.06895,
8.5787,24.4337,942.7816,3.4318,1.9598,5.8389,0.85796,19.2594,3640.116,4.4548,224479.3,0,
8.612,24.4318,947.1082,3.4452,1.9641,5.8432,0.86129,19.3478,3637.563,4.4516,224636.8,0.20685,
8.6453,24.4286,951.4472,3.4585,1.9685,5.8475,0.86462,19.4364,3634.988,4.4485,224796,0.06895,
8.6787,24.4269,955.7962,3.4718,1.9728,5.8519,0.86796,19.5253,3632.396,4.4453,224956.4,0.1379,
8.712,24.4223,960.1612,3.4852,1.9772,5.8562,0.87129,19.6144,3629.769,4.4421,225119.2,0.1379,
8.7453,24.4157,964.5101,3.4985,1.9815,5.8606,0.87462,19.7033,3627.225,4.439,225277.1,0.1379,
8.7787,24.4091,968.8781,3.5118,1.9859,5.865,0.87796,19.7925,3624.634,4.4358,225438.2,0,
8.812,24.4017,973.2651,3.5252,1.9903,5.8694,0.88129,19.8821,3621.994,4.4326,225602.5,0.06895,
8.8453,24.3946,977.654,3.5385,1.9947,5.8738,0.88462,19.9718,3619.371,4.4294,225766,0.06895,
8.8787,24.3886,982.0543,3.5518,1.9991,5.8782,0.88796,20.0617,3616.73,4.4261,225930.8,0.06895,
8.912,24.384,986.4651,3.5652,2.0035,5.8826,0.89129,20.1518,3614.074,4.4229,226096.9,0,
8.9453,24.3814,990.8874,3.5785,2.0079,5.887,0.89462,20.2421,3611.4,4.4196,226264.3,0.06895,
8.9787,24.3806,995.3116,3.5918,2.0124,5.8914,0.89796,20.3325,3608.741,4.4164,226431,0,
9.012,24.3755,999.7355,3.6052,2.0168,5.8959,0.90129,20.4229,3606.109,4.4131,226596.3,0.1379,
9.0453,24.3753,1004.167,3.6185,2.0212,5.9003,0.90462,20.5134,3603.472,4.4099,226762.1,0.06895,
9.0787,24.3734,1008.618,3.6318,2.0257,5.9047,0.90795,20.6043,3600.789,4.4066,226931,0.20685,
9.112,24.37,1013.074,3.6452,2.0302,5.9092,0.91129,20.6954,3598.11,4.4033,227100,0.1379,
9.1453,24.3711,1017.543,3.6585,2.0346,5.9137,0.91462,20.7866,3595.41,4.4,227270.5,0.06895,
9.1787,24.3715,1022.018,3.6718,2.0391,5.9181,0.91795,20.8781,3592.714,4.3967,227441.1,0,
9.212,24.3705,1026.509,3.6851,2.0436,5.9226,0.92129,20.9698,3589.983,4.3934,227614.1,0.20685,
9.2453,24.3707,1031.015,3.6985,2.0481,5.9272,0.92462,21.0618,3587.224,4.39,227789.2,0.1379,
9.2787,24.3703,1035.541,3.7118,2.0526,5.9317,0.92795,21.1543,3584.42,4.3866,227967.4,0.06895,
9.312,24.3701,1040.059,3.7251,2.0572,5.9362,0.93129,21.2466,3581.669,4.3832,228142.5,0.06895,
9.3453,24.371,1044.593,3.7385,2.0617,5.9407,0.93462,21.3392,3578.886,4.3798,228319.9,0,
9.3787,24.3738,1049.14,3.7518,2.0662,5.9453,0.93795,21.4321,3576.081,4.3764,228499,0.06895,
9.412,24.3769,1053.701,3.7651,2.0708,5.9499,0.94129,21.5253,3573.258,4.3729,228679.5,0,
9.4453,24.377,1058.268,3.7785,2.0754,5.9544,0.94462,21.6186,3570.434,4.3695,228860.3,0.06895,
9.4787,24.3798,1062.844,3.7918,2.08,5.959,0.94795,21.7121,3567.606,4.366,229041.8,0.06895,
9.512,24.3785,1067.434,3.8051,2.0846,5.9636,0.95129,21.8058,3564.754,4.3625,229225,0.06895,
9.5453,24.3805,1072.032,3.8185,2.0892,5.9682,0.95462,21.8998,3561.903,4.359,229408.5,0.06895,
9.5787,24.3827,1076.627,3.8318,2.0938,5.9728,0.95795,21.9936,3559.084,4.3556,229590.2,0.06895,
9.612,24.3851,1081.23,3.8451,2.0984,5.9774,0.96128,22.0877,3556.261,4.3521,229772.4,0,
9.6453,24.3862,1085.861,3.8585,2.103,5.982,0.96462,22.1822,3553.374,4.3486,229959.1,0.06895,
9.6787,24.3865,1090.5,3.8718,2.1076,5.9867,0.96795,22.277,3550.485,4.3451,230146.3,0,
9.712,24.3859,1095.14,3.8851,2.1123,5.9913,0.97128,22.3718,3547.615,4.3416,230332.4,0.1379,
9.7453,24.3883,1099.786,3.8985,2.1169,5.996,0.97462,22.4667,3544.751,4.338,230518.5,0.20685,
9.7787,24.3904,1104.446,3.9118,2.1216,6.0006,0.97795,22.5619,3541.866,4.3345,230706.3,0.06895,
9.812,24.3942,1109.109,3.9251,2.1263,6.0053,0.98128,22.6572,3538.995,4.331,230893.5,0,
9.8453,24.3978,1113.775,3.9385,2.1309,6.01,0.98462,22.7525,3536.139,4.3275,231079.9,0,
9.8787,24.4027,1118.436,3.9518,2.1356,6.0146,0.98795,22.8477,3533.324,4.3241,231264,0,
9.912,24.4079,1123.112,3.9651,2.1403,6.0193,0.99128,22.9432,3530.482,4.3206,231450.2,0,
9.9453,24.4118,1127.81,3.9785,2.145,6.024,0.99462,23.0392,3527.597,4.3171,231639.5,0,
9.9787,24.4147,1132.515,3.9918,2.1497,6.0287,0.99795,23.1353,3524.716,4.3135,231828.8,0.1379,
10.012,24.417,1137.226,4.0051,2.1544,6.0334,1.0013,23.2316,3521.836,4.31,232018.4,0.1379,
10.0453,24.4172,1141.949,4.0185,2.1591,6.0382,1.0046,23.328,3518.948,4.3065,232208.8,0.06895,
10.0787,24.4157,1146.682,4.0318,2.1639,6.0429,1.0079,23.4247,3516.051,4.3029,232400.2,0,
10.112,24.4164,1151.413,4.0451,2.1686,6.0476,1.0113,23.5214,3513.181,4.2994,232590,0.1379,
10.1453,24.4165,1156.138,4.0585,2.1733,6.0524,1.0146,23.6179,3510.355,4.296,232777.2,0.1379,
10.1787,24.4181,1160.869,4.0718,2.1781,6.0571,1.0179,23.7145,3507.536,4.2925,232964.4,0.06895,
10.212,24.4219,1165.617,4.0851,2.1828,6.0619,1.0213,23.8115,3504.686,4.289,233153.8,0,
10.2453,24.4258,1170.377,4.0985,2.1876,6.0666,1.0246,23.9088,3501.822,4.2855,233344.5,0.06895,
10.2787,24.4314,1175.141,4.1118,2.1923,6.0714,1.0279,24.0061,3498.972,4.282,233534.6,0.06895,
10.312,24.4322,1179.911,4.1251,2.1971,6.0762,1.0313,24.1035,3496.126,4.2785,233724.6,0.1379,
10.3453,24.4309,1184.691,4.1384,2.2019,6.0809,1.0346,24.2012,3493.274,4.275,233915.5,0,
10.3787,24.43,1189.482,4.1518,2.2067,6.0857,1.0379,24.2991,3490.411,4.2715,234107.3,0.20685,
10.412,24.4289,1194.285,4.1651,2.2115,6.0905,1.0413,24.3972,3487.537,4.268,234300.2,0.2758,
10.4453,24.4279,1199.082,4.1784,2.2163,6.0953,1.0446,24.4952,3484.703,4.2646,234490.8,0.06895,
10.4787,24.4255,1203.9,4.1918,2.2211,6.1002,1.0479,24.5936,3481.833,4.261,234684.1,0.2758,
10.512,24.4236,1208.731,4.2051,2.226,6.105,1.0513,24.6923,3478.946,4.2575,234878.8,0.1379,
10.5453,24.4241,1213.566,4.2184,2.2308,6.1098,1.0546,24.791,3476.073,4.254,235073,0,
10.5787,24.4227,1218.421,4.2318,2.2357,6.1147,1.0579,24.8902,3473.164,4.2504,235269.8,0.1379,
10.612,24.4229,1223.274,4.2451,2.2405,6.1196,1.0613,24.9894,3470.284,4.2469,235465.2,0,
10.6453,24.421,1228.131,4.2584,2.2454,6.1244,1.0646,25.0886,3467.414,4.2434,235660,0.1379,
10.6787,24.4203,1232.984,4.2718,2.2502,6.1293,1.0679,25.1877,3464.58,4.2399,235852.8,0.1379,
10.712,24.416,1237.838,4.2851,2.2551,6.1341,1.0713,25.2869,3461.768,4.2365,236044.4,0,
10.7453,24.4113,1242.709,4.2984,2.26,6.139,1.0746,25.3864,3458.925,4.233,236238.4,0.06895,
10.7788,24.4091,1247.601,4.3118,2.2649,6.1439,1.0779,25.4863,3456.05,4.2295,236434.9,0.06895,
10.8122,24.4105,1252.502,4.3251,2.2698,6.1488,1.0813,25.5864,3453.17,4.226,236632.1,0.06895,
10.8455,24.4082,1257.404,4.3384,2.2747,6.1537,1.0846,25.6866,3450.31,4.2225,236828.3,0.06895,
10.8788,24.4027,1262.325,4.3518,2.2796,6.1586,1.0879,25.7871,3447.422,4.2189,237026.6,0.1379,
10.9122,24.4003,1267.253,4.3651,2.2845,6.1636,1.0913,25.8878,3444.537,4.2154,237225.2,0.06895,
10.9455,24.3992,1272.19,4.3784,2.2895,6.1685,1.0946,25.9886,3441.65,4.2119,237424.2,0.06895,
10.9788,24.3997,1277.13,4.3918,2.2944,6.1734,1.0979,26.0895,3438.777,4.2084,237622.5,0.06895,
11.0122,24.4024,1282.076,4.4051,2.2994,6.1784,1.1013,26.1906,3435.91,4.2048,237820.8,0.06895,
11.0455,24.4059,1287.04,4.4184,2.3043,6.1834,1.1046,26.292,3433.018,4.2013,238021.1,0.06895,
11.0788,24.4086,1292.016,4.4318,2.3093,6.1883,1.1079,26.3936,3430.114,4.1978,238222.6,0.20685,
11.1122,24.4093,1296.999,4.4451,2.3143,6.1933,1.1113,26.4955,3427.214,4.1942,238424.2,0,
11.1455,24.4101,1302.01,4.4584,2.3193,6.1983,1.1146,26.5978,3424.265,4.1906,238629.6,0,
11.1788,24.4083,1307.039,4.4718,2.3243,6.2034,1.1179,26.7005,3421.29,4.187,238837,0.06895,
11.2122,24.4071,1312.078,4.4851,2.3294,6.2084,1.1213,26.8035,3418.312,4.1833,239045.1,0.06895,
11.2455,24.4056,1317.118,4.4984,2.3344,6.2135,1.1246,26.9064,3415.353,4.1797,239252.2,0.1379,
11.2788,24.4001,1322.167,4.5118,2.3395,6.2185,1.1279,27.0096,3412.394,4.1761,239459.6,0.06895,
11.3122,24.3948,1327.25,4.5251,2.3446,6.2236,1.1313,27.1134,3409.37,4.1724,239672,0.06895,
11.3455,24.3889,1332.356,4.5384,2.3497,6.2287,1.1346,27.2177,3406.312,4.1686,239887.3,0,
11.3788,24.3819,1337.471,4.5518,2.3548,6.2338,1.1379,27.3222,3403.254,4.1649,240102.8,0.06895,
11.4122,24.3756,1342.611,4.5651,2.3599,6.239,1.1413,27.4272,3400.154,4.1611,240321.7,0.1379,
11.4455,24.3686,1347.791,4.5784,2.3651,6.2442,1.1446,27.533,3396.978,4.1572,240546.4,0,
11.4788,24.3604,1353.001,4.5918,2.3703,6.2494,1.1479,27.6395,3393.753,4.1533,240775,0,
11.5122,24.3537,1358.236,4.6051,2.3756,6.2546,1.1513,27.7464,3390.488,4.1493,241006.8,0.2758,
11.5455,24.3477,1363.473,4.6184,2.3808,6.2599,1.1546,27.8534,3387.242,4.1453,241237.8,0,
11.5788,24.3395,1368.713,4.6317,2.386,6.2651,1.1579,27.9604,3384.016,4.1413,241467.7,0.06895,
11.6122,24.3371,1373.992,4.6451,2.3913,6.2704,1.1613,28.0683,3380.719,4.1373,241703.3,0.1379,
11.6455,24.3316,1379.306,4.6584,2.3966,6.2757,1.1646,28.1768,3377.358,4.1332,241943.8,0.06895,
11.6788,24.3279,1384.641,4.6717,2.402,6.281,1.1679,28.2858,3373.974,4.1291,242186.4,0.20685,
11.7122,24.3236,1390.015,4.6851,2.4074,6.2864,1.1713,28.3956,3370.522,4.1248,242434.5,0.06895,
11.7455,24.3206,1395.424,4.6984,2.4128,6.2918,1.1746,28.5061,3367.011,4.1205,242687.3,0.1379,
11.7788,24.3184,1400.854,4.7117,2.4182,6.2973,1.1779,28.617,3363.477,4.1162,242942.3,0.06895,
11.8122,24.3188,1406.313,4.7251,2.4237,6.3027,1.1813,28.7285,3359.901,4.1118,243200.8,0,
11.8455,24.3197,1411.795,4.7384,2.4292,6.3082,1.1846,28.8405,3356.298,4.1074,243461.9,0,
11.8788,24.3211,1417.312,4.7517,2.4347,6.3137,1.1879,28.9532,3352.642,4.1029,243727.4,0.06895,
11.9122,24.3228,1422.87,4.7651,2.4402,6.3193,1.1913,29.0668,3348.915,4.0984,243998.6,0,
11.9455,24.3244,1428.456,4.7784,2.4458,6.3249,1.1946,29.1809,3345.152,4.0938,244273.1,0,
11.9788,24.3272,1434.064,4.7917,2.4514,6.3305,1.1979,29.2954,3341.368,4.0891,244549.8,0.06895,
12.0122,24.3282,1439.706,4.8051,2.4571,6.3361,1.2013,29.4107,3337.535,4.0845,244830.6,0.06895,
12.0455,24.3298,1445.363,4.8184,2.4627,6.3418,1.2046,29.5263,3333.695,4.0798,245112.6,0,
12.0788,24.3307,1451.049,4.8317,2.4684,6.3475,1.2079,29.6424,3329.82,4.075,245397.8,0.1379,
12.1122,24.3317,1456.752,4.8451,2.4741,6.3532,1.2113,29.7589,3325.937,4.0703,245684.4,0,
12.1455,24.3351,1462.484,4.8584,2.4799,6.3589,1.2146,29.876,3322.017,4.0655,245974.3,0.06895,
12.1788,24.338,1468.259,4.8717,2.4857,6.3647,1.2179,29.994,3318.032,4.0606,246269.7,0.06895,
12.2122,24.3369,1474.054,4.8851,2.4915,6.3705,1.2213,30.1124,3314.033,4.0557,246566.9,0.20685,
12.2455,24.3364,1479.887,4.8984,2.4973,6.3763,1.2246,30.2315,3309.978,4.0507,246869,0.06895,
12.2788,24.3374,1485.756,4.9117,2.5032,6.3822,1.2279,30.3514,3305.876,4.0457,247175.2,0.1379,
12.3122,24.3374,1491.669,4.9251,2.5091,6.3881,1.2313,30.4722,3301.71,4.0406,247487.1,0.1379,
12.3455,24.3352,1497.62,4.9384,2.515,6.3941,1.2346,30.5938,3297.494,4.0355,247803.6,0,
12.3788,24.3343,1503.598,4.9517,2.521,6.4001,1.2379,30.7159,3293.25,4.0303,248123,0.06895,
12.4122,24.3293,1509.58,4.9651,2.527,6.406,1.2413,30.8381,3289.032,4.0251,248441.1,0.06895,
12.4455,24.3254,1515.614,4.9784,2.533,6.4121,1.2446,30.9614,3284.735,4.0198,248766.1,0.06895,
12.4788,24.3246,1521.7,4.9917,2.5391,6.4182,1.2479,31.0857,3280.359,4.0145,249098,0.06895,
12.5122,24.325,1527.829,5.0051,2.5453,6.4243,1.2513,31.2109,3275.924,4.0091,249435.2,0.06895,
12.5455,24.3241,1533.988,5.0184,2.5514,6.4305,1.2546,31.3367,3271.462,4.0036,249775.4,0.20685,
12.5788,24.3241,1540.18,5.0317,2.5576,6.4367,1.2579,31.4632,3266.967,3.9981,250119,0.20685,
12.6122,24.3192,1546.424,5.045,2.5639,6.4429,1.2613,31.5908,3262.397,3.9925,250469.4,0,
12.6455,24.3158,1552.731,5.0584,2.5702,6.4492,1.2646,31.7196,3257.732,3.9868,250828,0.06895,
12.6788,24.3093,1559.067,5.0717,2.5765,6.4556,1.2679,31.849,3253.045,3.9811,251189.5,0.1379,
12.7122,24.3033,1565.445,5.085,2.5829,6.4619,1.2713,31.9793,3248.308,3.9753,251555.8,0.06895,
12.7455,24.2956,1571.897,5.0984,2.5894,6.4684,1.2746,32.1111,3243.456,3.9693,251932.1,0.06895,
12.7788,24.2854,1578.422,5.1117,2.5959,6.4749,1.2779,32.2444,3238.495,3.9633,252318,0,
12.8122,24.2756,1585.041,5.125,2.6025,6.4816,1.2813,32.3796,3233.383,3.957,252717,0.1379,
12.8455,24.2744,1591.73,5.1384,2.6092,6.4882,1.2846,32.5163,3228.172,3.9506,253124.9,0,
12.8788,24.2677,1598.491,5.1517,2.616,6.495,1.2879,32.6544,3222.858,3.9441,253542.2,0.06895,
12.9122,24.2628,1605.363,5.165,2.6228,6.5019,1.2913,32.7948,3217.367,3.9374,253975,0,
12.9455,24.2595,1612.342,5.1784,2.6298,6.5089,1.2946,32.9374,3211.709,3.9305,254422.4,0.06895,
12.9788,24.2567,1619.361,5.1917,2.6368,6.5159,1.2979,33.0808,3206.021,3.9235,254873.8,0,
13.0122,24.2554,1626.428,5.205,2.6439,6.523,1.3013,33.2251,3200.288,3.9165,255330.4,0.1379,
13.0455,24.2517,1633.602,5.2184,2.6511,6.5301,1.3046,33.3717,3194.396,3.9093,255801.4,0.06895,
13.0788,24.2486,1640.926,5.2317,2.6584,6.5375,1.3079,33.5213,3188.264,3.9018,256293.4,0.06895,
13.1122,24.246,1648.29,5.245,2.6658,6.5448,1.3113,33.6717,3182.107,3.8942,256789.2,0,
13.1456,24.2441,1655.74,5.2584,2.6732,6.5523,1.3146,33.8239,3175.842,3.8866,257295.8,0.06895,
13.179,24.2405,1663.266,5.2717,2.6808,6.5598,1.3179,33.9776,3169.488,3.8788,257811.6,0,
13.2123,24.2354,1670.891,5.285,2.6884,6.5674,1.3213,34.1334,3163.002,3.8709,258340.3,0,
13.2457,24.2306,1678.633,5.2984,2.6961,6.5752,1.3246,34.2916,3156.358,3.8627,258884,0.06895,
13.279,24.2251,1686.472,5.3117,2.704,6.583,1.3279,34.4517,3149.592,3.8545,259440.2,0.06895,
13.3123,24.2218,1694.442,5.325,2.712,6.591,1.3313,34.6145,3142.646,3.846,260013.6,0,
13.3457,24.2191,1702.492,5.3384,2.72,6.5991,1.3346,34.779,3135.617,3.8373,260596.4,0.1379,
13.379,24.2168,1710.692,5.3517,2.7282,6.6073,1.3379,34.9465,3128.379,3.8285,261199.4,0.06895,
13.4123,24.2147,1718.959,5.365,2.7365,6.6155,1.3413,35.1154,3121.09,3.8196,261809.4,0.06895,
13.4457,24.2148,1727.328,5.3784,2.7449,6.6239,1.3446,35.2863,3113.688,3.8105,262431.8,0.06895,
13.479,24.2143,1735.781,5.3917,2.7533,6.6324,1.3479,35.459,3106.204,3.8014,263064,0.1379,
13.5123,24.2118,1744.341,5.405,2.7619,6.6409,1.3513,35.6339,3098.605,3.7921,263709.2,0.06895,
13.5457,24.2118,1752.977,5.4184,2.7705,6.6496,1.3546,35.8103,3090.945,3.7827,264362.7,0,
13.579,24.2109,1761.702,5.4317,2.7792,6.6583,1.3579,35.9885,3083.205,3.7732,265026.4,0.2758,
13.6123,24.2117,1770.53,5.445,2.7881,6.6671,1.3613,36.1689,3075.362,3.7636,265702.3,0.06895,
13.6457,24.2102,1779.483,5.4584,2.797,6.6761,1.3646,36.3518,3067.383,3.7538,266393.5,0.20685,
13.679,24.2091,1788.563,5.4717,2.8061,6.6852,1.3679,36.5373,3059.264,3.7439,267100.5,0,
13.7123,24.2116,1797.758,5.485,2.8153,6.6944,1.3713,36.7251,3051.034,3.7338,267821,0,
13.7457,24.211,1807.059,5.4984,2.8246,6.7037,1.3746,36.9151,3042.707,3.7236,268553.8,0.06895,
13.779,24.2112,1816.514,5.5117,2.8341,6.7131,1.3779,37.1082,3034.21,3.7132,269306,0.2758,
13.8123,24.2101,1826.165,5.525,2.8437,6.7228,1.3813,37.3054,3025.474,3.7026,270083.5,0,
13.8457,24.2086,1836.079,5.5383,2.8536,6.7327,1.3846,37.5079,3016.4,3.6915,270896.1,0.1379,
13.879,24.2095,1846.196,5.5517,2.8638,6.7428,1.3879,37.7146,3007.092,3.6801,271734.6,0,
13.9123,24.2101,1856.527,5.565,2.8741,6.7532,1.3913,37.9256,2997.54,3.6684,272600.5,0.06895,
13.9457,24.2083,1867.147,5.5783,2.8847,6.7638,1.3946,38.1426,2987.63,3.6562,273504.7,0,
13.979,24.205,1878.134,5.5917,2.8957,6.7748,1.3979,38.367,2977.252,3.6435,274458,0.06895,
14.0123,24.203,1889.552,5.605,2.9071,6.7862,1.4013,38.6003,2966.317,3.6302,275469.8,0.1379,
14.0457,24.2018,1901.334,5.6183,2.9189,6.798,1.4046,38.8409,2954.948,3.6162,276529.6,0.06895,
14.079,24.198,1913.581,5.6317,2.9312,6.8102,1.4079,39.0912,2943.002,3.6016,277652.1,0.20685,
14.1123,24.1968,1927.199,5.645,2.9448,6.8238,1.4113,39.3693,2929.124,3.5846,278967.6,0,
14.1457,24.1941,1945.384,5.6583,2.963,6.842,1.4146,39.7408,2908.597,3.5595,280936.4,0.06895,
14.179,24.1911,1970.765,5.6717,2.9884,6.8674,1.4179,40.2593,2877.904,3.522,283932.6,0.1379,
14.2123,24.1902,2024.391,5.685,3.042,6.921,1.4213,41.3548,2808.254,3.4367,290974.8,0.1379,