0.00000 0.00000000000000000
0.00100 0.00401626007601977
0.00200 0.00566989835340826
0.00300 0.00693484120847312
0.00400 0.00799858570502264
0.00500 0.00893375528508815
0.00600 0.00977759413596760
0.00700 0.01055222575760069
0.00800 0.01127206377629140
0.00900 0.01194711902124257
0.01000 0.01258467952141670
0.01100 0.01319024644708600
0.01200 0.01376809303263735
0.01300 0.01432161699199683
0.01400 0.01485357266646777
0.01500 0.01536622956147574
0.01600 0.01586148393665195
0.01700 0.01634093939908235
0.01800 0.01680596641550569
0.01900 0.01725774711521575
0.02000 0.01769730959723692
0.02100 0.01812555459908863
0.02200 0.01854327650827439
0.02300 0.01895118011757070
0.02400 0.01934989413269233
0.02500 0.01973998217006683
0.02600 0.02012195179221579
0.02700 0.02049626199245688
0.02800 0.02086332944229171
0.02900 0.02122353374264622
0.03000 0.02157722186647136
0.03100 0.02192471193987401
0.03200 0.02226629647830395
0.03300 0.02260224517081319
0.03400 0.02293280728720293
0.03500 0.02325821376866249
0.03600 0.02357867905131991
0.03700 0.02389440266325545
0.03800 0.02420557062844778
0.03900 0.02451235670543137
0.04000 0.02481492348383963
0.04100 0.02511342335826425
0.04200 0.02540799939579687
0.04300 0.02569878611110047
0.04400 0.02598591016077535
0.04500 0.02626949096705537
0.04600 0.02654964127942838
0.04700 0.02682646768156553
0.04800 0.02710007104992874
0.04900 0.02737054696956649
0.05000 0.02763798611188086
0.05100 0.02790247457852996
0.05200 0.02816409421510111
0.05300 0.02842292289773812
0.05400 0.02867903479551726
0.05500 0.02893250061103122
0.05600 0.02918338780135145
0.05700 0.02943176078128791
0.05800 0.02967768111064762
0.05900 0.02992120766700347
0.06000 0.03016239680531857
0.06100 0.03040130250562675
0.06200 0.03063797650984200
0.06300 0.03087246844865765
0.06400 0.03110482595939750
0.06500 0.03133509479559361
0.06600 0.03156331892898850
0.06700 0.03178954064459093
0.06800 0.03201380062935358
0.06900 0.03223613805498676
0.07000 0.03245659065537432
0.07100 0.03267519479901427
0.07200 0.03289198555686865
0.07300 0.03310699676597205
0.07400 0.03332026108911758
0.07500 0.03353181007091093
0.07600 0.03374167419045818
0.07700 0.03394988291093028
0.07800 0.03415646472622674
0.07900 0.03436144720494257
0.08000 0.03456485703182576
0.08100 0.03476672004689732
0.08200 0.03496706128239247
0.08300 0.03516590499766854
0.08400 0.03536327471221412
0.08500 0.03555919323688373
0.08600 0.03575368270347214
0.08700 0.03594676459273494
0.08800 0.03613845976095283
0.08900 0.03632878846513094
0.09000 0.03651777038691701
0.09100 0.03670542465531709
0.09200 0.03689176986828078
0.09300 0.03707682411322395
0.09400 0.03726060498655151
0.09500 0.03744312961223863
0.09600 0.03762441465952509
0.09700 0.03780447635977321
0.09800 0.03798333052253700
0.09900 0.03816099255088678
0.10000 0.03833747745603041
0.10100 0.03851279987126995
0.10200 0.03868697406532993
0.10300 0.03886001395509114
0.10400 0.03903193311776150
0.10500 0.03920274480251411
0.10600 0.03937246194162001
0.10700 0.03954109716110231
0.10800 0.03970866279093585
0.10900 0.03987517087481605
0.11000 0.04004063317951826
0.11100 0.04020506120386841
0.11200 0.04036846618734407
0.11300 0.04053085911832430
0.11400 0.04069225074200516
0.11500 0.04085265156799725
0.11600 0.04101207187762045
0.11700 0.04117052173091017
0.11800 0.04132801097334894
0.11900 0.04148454924233589
0.12000 0.04164014597340646
0.12100 0.04179481040621384
0.12200 0.04194855159028282
0.12300 0.04210137839054661
0.12400 0.04225329949267620
0.12500 0.04240432340821154
0.12600 0.04255445847950323
0.12700 0.04270371288447347
0.12800 0.04285209464120318
0.12900 0.04299961161235406
0.13000 0.04314627150943152
0.13100 0.04329208189689608
0.13200 0.04343705019612915
0.13300 0.04358118368925952
0.13400 0.04372448952285627
0.13500 0.04386697471149387
0.13600 0.04400864614119417
0.13700 0.04414951057275103
0.13800 0.04428957464494165
0.13900 0.04442884487762977
0.14000 0.04456732767476449
0.14100 0.04470502932727932
0.14200 0.04484195601589516
0.14300 0.04497811381383100
0.14400 0.04511350868942590
0.14500 0.04524814650867592
0.14600 0.04538203303768880
0.14700 0.04551517394506013
0.14800 0.04564757480417325
0.14900 0.04577924109542671
0.15000 0.04591017820839097
0.15100 0.04604039144389773
0.15200 0.04616988601606412
0.15300 0.04629866705425408
0.15400 0.04642673960497931
0.15500 0.04655410863374199
0.15600 0.04668077902682144
0.15700 0.04680675559300650
0.15800 0.04693204306527590
0.15900 0.04705664610242812
0.16000 0.04718056929066288
0.16100 0.04730381714511568
0.16200 0.04742639411134707
0.16300 0.04754830456678848
0.16400 0.04766955282214577
0.16500 0.04779014312276205
0.16600 0.04791007964994145
0.16700 0.04802936652223470
0.16800 0.04814800779668815
0.16900 0.04826600747005733
0.17000 0.04838336947998644
0.17100 0.04850009770615434
0.17200 0.04861619597138901
0.17300 0.04873166804275074
0.17400 0.04884651763258554
0.17500 0.04896074839954955
0.17600 0.04907436394960548
0.17700 0.04918736783699192
0.17800 0.04929976356516645
0.17900 0.04941155458772339
0.18000 0.04952274430928685
0.18100 0.04963333608638033
0.18200 0.04974333322827276
0.18300 0.04985273899780279
0.18400 0.04996155661218100
0.18500 0.05006978924377162
0.18600 0.05017744002085357
0.18700 0.05028451202836214
0.18800 0.05039100830861145
0.18900 0.05049693186199857
0.19000 0.05060228564768976
0.19100 0.05070707258428924
0.19200 0.05081129555049126
0.19300 0.05091495738571580
0.19400 0.05101806089072859
0.19500 0.05112060882824557
0.19600 0.05122260392352266
0.19700 0.05132404886493106
0.19800 0.05142494630451843
0.19900 0.05152529885855670
0.20000 0.05162510910807645
0.20100 0.05172437959938867
0.20200 0.05182311284459408
0.20300 0.05192131132208026
0.20400 0.05201897747700721
0.20500 0.05211611372178155
0.20600 0.05221272243651955
0.20700 0.05230880596949959
0.20800 0.05240436663760411
0.20900 0.05249940672675153
0.21000 0.05259392849231829
0.21100 0.05268793415955136
0.21200 0.05278142592397152
0.21300 0.05287440595176762
0.21400 0.05296687638018202
0.21500 0.05305883931788772
0.21600 0.05315029684535695
0.21700 0.05324125101522202
0.21800 0.05333170385262814
0.21900 0.05342165735557874
0.22000 0.05351111349527354
0.22100 0.05360007421643918
0.22200 0.05368854143765311
0.22300 0.05377651705166066
0.22400 0.05386400292568545
0.22500 0.05395100090173340
0.22600 0.05403751279689065
0.22700 0.05412354040361525
0.22800 0.05420908549002301
0.22900 0.05429414980016771
0.23000 0.05437873505431563
0.23100 0.05446284294921469
0.23200 0.05454647515835835
0.23300 0.05462963333224433
0.23400 0.05471231909862838
0.23500 0.05479453406277317
0.23600 0.05487627980769253
0.23700 0.05495755789439095
0.23800 0.05503836986209875
0.23900 0.05511871722850288
0.24000 0.05519860148997332
0.24100 0.05527802412178568
0.24200 0.05535698657833950
0.24300 0.05543549029337277
0.24400 0.05551353668017270
0.24500 0.05559112713178269
0.24600 0.05566826302120578
0.24700 0.05574494570160463
0.24800 0.05582117650649798
0.24900 0.05589695674995394
0.25000 0.05597228772677994
0.25100 0.05604717071270961
0.25200 0.05612160696458657
0.25300 0.05619559772054530
0.25400 0.05626914420018906
0.25500 0.05634224760476501
0.25600 0.05641490911733660
0.25700 0.05648712990295336
0.25800 0.05655891110881787
0.25900 0.05663025386445053
0.26000 0.05670115928185160
0.26100 0.05677162845566097
0.26200 0.05684166246331561
0.26300 0.05691126236520464
0.26400 0.05698042920482239
0.26500 0.05704916400891907
0.26600 0.05711746778764960
0.26700 0.05718534153472021
0.26800 0.05725278622753310
0.26900 0.05731980282732933
0.27000 0.05738639227932957
0.27100 0.05745255551287327
0.27200 0.05751829344155594
0.27300 0.05758360696336463
0.27400 0.05764849696081187
0.27500 0.05771296430106798
0.27600 0.05777700983609161
0.27700 0.05784063440275884
0.27800 0.05790383882299092
0.27900 0.05796662390388025
0.28000 0.05802899043781514
0.28100 0.05809093920260314
0.28200 0.05815247096159294
0.28300 0.05821358646379515
0.28400 0.05827428644400144
0.28500 0.05833457162290298
0.28600 0.05839444270720706
0.28700 0.05845390038975301
0.28800 0.05851294534962680
0.28900 0.05857157825227433
0.29000 0.05862979974961416
0.29100 0.05868761048014855
0.29200 0.05874501106907397
0.29300 0.05880200212839040
0.29400 0.05885858425700965
0.29500 0.05891475804086279
0.29600 0.05897052405300682
0.29700 0.05902588285372997
0.29800 0.05908083499065682
0.29900 0.05913538099885197
0.30000 0.05918952140092323
0.30100 0.05924325670712401
0.30200 0.05929658741545467
0.30300 0.05934951401176353
0.30400 0.05940203696984679
0.30500 0.05945415675154792
0.30600 0.05950587380685639
0.30700 0.05955718857400563
0.30800 0.05960810147957038
0.30900 0.05965861293856344
0.31000 0.05970872335453180
0.31100 0.05975843311965212
0.31200 0.05980774261482582
0.31300 0.05985665220977329
0.31400 0.05990516226312781
0.31500 0.05995327312252894
0.31600 0.06000098512471526
0.31700 0.06004829859561673
0.31800 0.06009521385044649
0.31900 0.06014173119379222
0.32000 0.06018785091970715
0.32100 0.06023357331180045
0.32200 0.06027889864332726
0.32300 0.06032382717727844
0.32400 0.06036835916646968
0.32500 0.06041249485363046
0.32600 0.06045623447149244
0.32700 0.06049957824287762
0.32800 0.06054252638078603
0.32900 0.06058507908848327
0.33000 0.06062723655958741
0.33100 0.06066899897815586
0.33200 0.06071036651877183
0.33300 0.06075133934663035
0.33400 0.06079191761762427
0.33500 0.06083210147842970
0.33600 0.06087189106659134
0.33700 0.06091128651060757
0.33800 0.06095028793001507
0.33900 0.06098889543547347
0.34000 0.06102710912884955
0.34100 0.06106492910330121
0.34200 0.06110235544336157
0.34300 0.06113938822502212
0.34400 0.06117602751581649
0.34500 0.06121227337490345
0.34600 0.06124812585314977
0.34700 0.06128358499321331
0.34800 0.06131865082962532
0.34900 0.06135332338887299
0.35000 0.06138760268948175
0.35100 0.06142148874209716
0.35200 0.06145498154956692
0.35300 0.06148808110702266
0.35400 0.06152078740196144
0.35500 0.06155310041432732
0.35600 0.06158502011659251
0.35700 0.06161654647383861
0.35800 0.06164767944383762
0.35900 0.06167841897713290
0.36000 0.06170876501711983
0.36100 0.06173871750012654
0.36200 0.06176827635549439
0.36300 0.06179744150565848
0.36400 0.06182621286622773
0.36500 0.06185459034606534
0.36600 0.06188257384736871
0.36700 0.06191016326574939
0.36800 0.06193735849031318
0.36900 0.06196415940373964
0.37000 0.06199056588236199
0.37100 0.06201657779624663
0.37200 0.06204219500927267
0.37300 0.06206741737921134
0.37400 0.06209224475780532
0.37500 0.06211667699084808
0.37600 0.06214071391826300
0.37700 0.06216435537418244
0.37800 0.06218760118702677
0.37900 0.06221045117958347
0.38000 0.06223290516908575
0.38100 0.06225496296729159
0.38200 0.06227662438056233
0.38300 0.06229788920994137
0.38400 0.06231875725123284
0.38500 0.06233922829507994
0.38600 0.06235930212704360
0.38700 0.06237897852768082
0.38800 0.06239825727262300
0.38900 0.06241713813265401
0.39000 0.06243562087378878
0.39100 0.06245370525735113
0.39200 0.06247139104005199
0.39300 0.06248867797406736
0.39400 0.06250556580711632
0.39500 0.06252205428253879
0.39600 0.06253814313937352
0.39700 0.06255383211243594
0.39800 0.06256912093239550
0.39900 0.06258400932585367
0.40000 0.06259849701542142
0.40100 0.06261258371979663
0.40200 0.06262626915384185
0.40300 0.06263955302866132
0.40400 0.06265243505167858
0.40500 0.06266491492671367
0.40600 0.06267699235406030
0.40700 0.06268866703056299
0.40800 0.06269993864969432
0.40900 0.06271080690163168
0.41000 0.06272127147333449
0.41100 0.06273133204862076
0.41200 0.06274098830824430
0.41300 0.06275023992997109
0.41400 0.06275908658865621
0.41500 0.06276752795632037
0.41600 0.06277556370222631
0.41700 0.06278319349295548
0.41800 0.06279041699248429
0.41900 0.06279723386226041
0.42000 0.06280364376127905
0.42100 0.06280964634615900
0.42200 0.06281524127121899
0.42300 0.06282042818855323
0.42400 0.06282520674810777
0.42500 0.06282957659775590
0.42600 0.06283353738337431
0.42700 0.06283708874891836
0.42800 0.06284023033649791
0.42900 0.06284296178645259
0.43000 0.06284528273742729
0.43100 0.06284719282644738
0.43200 0.06284869168899400
0.43300 0.06284977895907898
0.43400 0.06285045426931990
0.43500 0.06285071725101504
0.43600 0.06285056753421807
0.43700 0.06285000474781269
0.43800 0.06284902851958729
0.43900 0.06284763847630939
0.44000 0.06284583424379986
0.44100 0.06284361544700734
0.44200 0.06284098171008218
0.44300 0.06283793265645045
0.44400 0.06283446790888785
0.44500 0.06283058708959358
0.44600 0.06282628982026370
0.44700 0.06282157572216483
0.44800 0.06281644441620733
0.44900 0.06281089552301873
0.45000 0.06280492866301672
0.45100 0.06279854345648200
0.45200 0.06279173952363119
0.45300 0.06278451648468977
0.45400 0.06277687395996402
0.45500 0.06276881156991385
0.45600 0.06276032893522497
0.45700 0.06275142567688080
0.45800 0.06274210141623443
0.45900 0.06273235577508059
0.46000 0.06272218837572695
0.46100 0.06271159884106575
0.46200 0.06270058679464501
0.46300 0.06268915186073962
0.46400 0.06267729366442228
0.46500 0.06266501183163424
0.46600 0.06265230598925595
0.46700 0.06263917576517723
0.46800 0.06262562078836781
0.46900 0.06261164068894712
0.47000 0.06259723509825423
0.47100 0.06258240364891725
0.47200 0.06256714597492327
0.47300 0.06255146171168714
0.47400 0.06253535049612072
0.47500 0.06251881196670177
0.47600 0.06250184576354237
0.47700 0.06248445152845766
0.47800 0.06246662890503378
0.47900 0.06244837753869605
0.48000 0.06242969707677664
0.48100 0.06241058716858219
0.48200 0.06239104746546101
0.48300 0.06237107762087042
0.48400 0.06235067729044345
0.48500 0.06232984613205535
0.48600 0.06230858380589042
0.48700 0.06228688997450772
0.48800 0.06226476430290709
0.48900 0.06224220645859499
0.49000 0.06221921611164969
0.49100 0.06219579293478667
0.49200 0.06217193660342325
0.49300 0.06214764679574342
0.49400 0.06212292319276196
0.49500 0.06209776547838902
0.49600 0.06207217333949346
0.49700 0.06204614646596663
0.49800 0.06201968455078567
0.49900 0.06199278729007644
0.50000 0.06196545438317634
0.50100 0.06193768553269653
0.50200 0.06190948044458416
0.50300 0.06188083882818453
0.50400 0.06185176039630209
0.50500 0.06182224486526195
0.50600 0.06179229195497088
0.50700 0.06176190138897791
0.50800 0.06173107289453440
0.50900 0.06169980620265430
0.51000 0.06166810104817395
0.51100 0.06163595716981096
0.51200 0.06160337431022367
0.51300 0.06157035221606963
0.51400 0.06153689063806410
0.51500 0.06150298933103790
0.51600 0.06146864805399548
0.51700 0.06143386657017155
0.51800 0.06139864464708884
0.51900 0.06136298205661441
0.52000 0.06132687857501576
0.52100 0.06129033398301720
0.52200 0.06125334806585483
0.52300 0.06121592061333245
0.52400 0.06117805141987584
0.52500 0.06113974028458714
0.52600 0.06110098701129971
0.52700 0.06106179140863081
0.52800 0.06102215329003573
0.52900 0.06098207247386026
0.53000 0.06094154878339356
0.53100 0.06090058204691963
0.53200 0.06085917209777002
0.53300 0.06081731877437457
0.53400 0.06077502192031214
0.53500 0.06073228138436175
0.53600 0.06068909702055231
0.53700 0.06064546868821227
0.53800 0.06060139625201898
0.53900 0.06055687958204769
0.54000 0.06051191855381961
0.54100 0.06046651304835021
0.54200 0.06042066295219663
0.54300 0.06037436815750467
0.54400 0.06032762856205564
0.54500 0.06028044406931242
0.54600 0.06023281458846545
0.54700 0.06018474003447765
0.54800 0.06013622032812954
0.54900 0.06008725539606363
0.55000 0.06003784517082800
0.55100 0.05998798959092015
0.55200 0.05993768860082976
0.55300 0.05988694215108122
0.55400 0.05983575019827549
0.55500 0.05978411270513186
0.55600 0.05973202964052864
0.55700 0.05967950097954398
0.55800 0.05962652670349583
0.55900 0.05957310679998133
0.56000 0.05951924126291604
0.56100 0.05946493009257205
0.56200 0.05941017329561657
0.56300 0.05935497088514881
0.56400 0.05929932288073748
0.56500 0.05924322930845669
0.56600 0.05918669020092214
0.56700 0.05912970559732630
0.56800 0.05907227554347372
0.56900 0.05901440009181468
0.57000 0.05895607930147920
0.57100 0.05889731323831027
0.57200 0.05883810197489636
0.57300 0.05877844559060363
0.57400 0.05871834417160742
0.57500 0.05865779781092295
0.57600 0.05859680660843608
0.57700 0.05853537067093282
0.57800 0.05847349011212862
0.57900 0.05841116505269723
0.58000 0.05834839562029812
0.58100 0.05828518194960497
0.58200 0.05822152418233161
0.58300 0.05815742246725875
0.58400 0.05809287696025935
0.58500 0.05802788782432429
0.58600 0.05796245522958589
0.58700 0.05789657935334275
0.58800 0.05783026038008230
0.58900 0.05776349850150341
0.59000 0.05769629391653886
0.59100 0.05762864683137632
0.59200 0.05756055745947887
0.59300 0.05749202602160566
0.59400 0.05742305274583080
0.59500 0.05735363786756220
0.59600 0.05728378162956020
0.59700 0.05721348428195437
0.59800 0.05714274608226092
0.59900 0.05707156729539810
0.60000 0.05699994819370305
0.60100 0.05692788905694450
0.60200 0.05685539017233922
0.60300 0.05678245183456391
0.60400 0.05670907434576872
0.60500 0.05663525801558871
0.60600 0.05656100316115597
0.60700 0.05648631010710999
0.60800 0.05641117918560749
0.60900 0.05633561073633210
0.61000 0.05625960510650264
0.61100 0.05618316265088116
0.61200 0.05610628373177992
0.61300 0.05602896871906828
0.61400 0.05595121799017781
0.61500 0.05587303193010784
0.61600 0.05579441093142921
0.61700 0.05571535539428837
0.61800 0.05563586572640938
0.61900 0.05555594234309703
0.62000 0.05547558566723707
0.62100 0.05539479612929733
0.62200 0.05531357416732711
0.62300 0.05523192022695687
0.62400 0.05514983476139564
0.62500 0.05506731823142914
0.62600 0.05498437110541631
0.62700 0.05490099385928476
0.62800 0.05481718697652688
0.62900 0.05473295094819317
0.63000 0.05464828627288645
0.63100 0.05456319345675470
0.63200 0.05447767301348225
0.63300 0.05439172546428207
0.63400 0.05430535133788522
0.63500 0.05421855117053080
0.63600 0.05413132550595484
0.63700 0.05404367489537734
0.63800 0.05395559989749075
0.63900 0.05386710107844514
0.64000 0.05377817901183399
0.64100 0.05368883427867895
0.64200 0.05359906746741336
0.64300 0.05350887917386497
0.64400 0.05341827000123826
0.64500 0.05332724056009599
0.64600 0.05323579146833907
0.64700 0.05314392335118567
0.64800 0.05305163684115116
0.64900 0.05295893257802423
0.65000 0.05286581120884480
0.65100 0.05277227338788008
0.65200 0.05267831977659901
0.65300 0.05258395104364660
0.65400 0.05248916786481837
0.65500 0.05239397092303119
0.65600 0.05229836090829549
0.65700 0.05220233851768646
0.65800 0.05210590445531290
0.65900 0.05200905943228649
0.66000 0.05191180416668959
0.66100 0.05181413938354217
0.66200 0.05171606581476800
0.66300 0.05161758419915941
0.66400 0.05151869528234212
0.66500 0.05141939981673784
0.66600 0.05131969856152718
0.66700 0.05121959228261002
0.66800 0.05111908175256726
0.66900 0.05101816775061920
0.67000 0.05091685106258458
0.67100 0.05081513248083765
0.67200 0.05071301280426591
0.67300 0.05061049283822369
0.67400 0.05050757339448866
0.67500 0.05040425529121442
0.67600 0.05030053935288369
0.67700 0.05019642641025975
0.67800 0.05009191730033652
0.67900 0.04998701286628976
0.68000 0.04988171395742426
0.68100 0.04977602142912169
0.68200 0.04966993614278804
0.68300 0.04956345896579925
0.68400 0.04945659077144504
0.68500 0.04934933243887210
0.68600 0.04924168485302908
0.68700 0.04913364890460494
0.68800 0.04902522548997204
0.68900 0.04891641551112422
0.69000 0.04880721987561583
0.69100 0.04869763949649848
0.69200 0.04858767529225836
0.69300 0.04847732818675007
0.69400 0.04836659910913233
0.69500 0.04825548899380044
0.69600 0.04814399878031811
0.69700 0.04803212941334863
0.69800 0.04791988184258542
0.69900 0.04780725702267975
0.70000 0.04769425591316885
0.70100 0.04758087947840411
0.70200 0.04746712868747371
0.70300 0.04735300451412951
0.70400 0.04723850793670956
0.70500 0.04712363993806015
0.70600 0.04700840150545694
0.70700 0.04689279363052651
0.70800 0.04677681730916232
0.70900 0.04666047354144486
0.71000 0.04654376333155778
0.71100 0.04642668768770278
0.71200 0.04630924762201522
0.71300 0.04619144415047539
0.71400 0.04607327829282187
0.71500 0.04595475107246384
0.71600 0.04583586351638777
0.71700 0.04571661665506784
0.71800 0.04559701152237375
0.71900 0.04547704915547656
0.72000 0.04535673059475287
0.72100 0.04523605688369041
0.72200 0.04511502906878981
0.72300 0.04499364819946553
0.72400 0.04487191532794804
0.72500 0.04474983150918174
0.72600 0.04462739780072322
0.72700 0.04450461526263781
0.72800 0.04438148495739595
0.72900 0.04425800794976643
0.73000 0.04413418530671059
0.73100 0.04401001809727390
0.73200 0.04388550739247617
0.73300 0.04376065426520159
0.73400 0.04363545979008720
0.73500 0.04350992504340919
0.73600 0.04338405110296881
0.73700 0.04325783904797824
0.73800 0.04313128995894155
0.73900 0.04300440491753827
0.74000 0.04287718500650407
0.74100 0.04274963130951003
0.74200 0.04262174491104087
0.74300 0.04249352689627159
0.74400 0.04236497835094347
0.74500 0.04223610036123892
0.74600 0.04210689401365421
0.74700 0.04197736039487039
0.74800 0.04184750059162633
0.74900 0.04171731569058505
0.75000 0.04158680677820291
0.75100 0.04145597494059736
0.75200 0.04132482126341051
0.75300 0.04119334683167397
0.75400 0.04106155272967149
0.75500 0.04092944004080014
0.75600 0.04079700984743111
0.75700 0.04066426323076707
0.75800 0.04053120127070085
0.75900 0.04039782504567061
0.76000 0.04026413563251534
0.76100 0.04013013410632722
0.76200 0.03999582154030375
0.76300 0.03986119900560002
0.76400 0.03972626757117584
0.76500 0.03959102830364431
0.76600 0.03945548226711957
0.76700 0.03931963052306003
0.76800 0.03918347413011337
0.76900 0.03904701414395890
0.77000 0.03891025161714853
0.77100 0.03877318759894491
0.77200 0.03863582313516267
0.77300 0.03849815926800243
0.77400 0.03836019703588731
0.77500 0.03822193747329804
0.77600 0.03808338161060257
0.77700 0.03794453047389054
0.77800 0.03780538508480143
0.77900 0.03766594646035207
0.78000 0.03752621561276593
0.78100 0.03738619354929663
0.78200 0.03724588127205220
0.78300 0.03710527977781771
0.78400 0.03696439005787781
0.78500 0.03682321309783424
0.78600 0.03668174987742567
0.78700 0.03654000137034314
0.78800 0.03639796854404655
0.78900 0.03625565235957829
0.79000 0.03611305377137459
0.79100 0.03597017372707703
0.79200 0.03582701316734298
0.79300 0.03568357302565176
0.79400 0.03553985422811130
0.79500 0.03539585769326489
0.79600 0.03525158433189188
0.79700 0.03510703504681163
0.79800 0.03496221073268269
0.79900 0.03481711227580355
0.80000 0.03467174055390652
0.80100 0.03452609643595769
0.80200 0.03438018078194799
0.80300 0.03423399444268800
0.80400 0.03408753825959777
0.80500 0.03394081306449796
0.80600 0.03379381967939640
0.80700 0.03364655891627658
0.80800 0.03349903157688066
0.80900 0.03335123845249520
0.81000 0.03320318032373061
0.81100 0.03305485796030346
0.81200 0.03290627212081503
0.81300 0.03275742355252805
0.81400 0.03260831299114189
0.81500 0.03245894116056734
0.81600 0.03230930877270122
0.81700 0.03215941652719108
0.81800 0.03200926511121218
0.81900 0.03185885519922920
0.82000 0.03170818745276532
0.82100 0.03155726252016759
0.82200 0.03140608103636526
0.82300 0.03125464362263639
0.82400 0.03110295088636441
0.82500 0.03095100342079735
0.82600 0.03079880180480207
0.82700 0.03064634660262285
0.82800 0.03049363836363118
0.82900 0.03034067762207815
0.83000 0.03018746489684459
0.83100 0.03003400069119006
0.83200 0.02988028549249723
0.83300 0.02972631977201824
0.83400 0.02957210398461818
0.83500 0.02941763856851397
0.83600 0.02926292394501902
0.83700 0.02910796051827706
0.83800 0.02895274867499965
0.83900 0.02879728878420147
0.84000 0.02864158119693562
0.84100 0.02848562624601923
0.84200 0.02832942424576953
0.84300 0.02817297549172733
0.84400 0.02801628026038576
0.84500 0.02785933880891457
0.84600 0.02770215137488065
0.84700 0.02754471817597295
0.84800 0.02738703940971884
0.84900 0.02722911525320289
0.85000 0.02707094586278398
0.85100 0.02691253137380682
0.85200 0.02675387190031681
0.85300 0.02659496753476928
0.85400 0.02643581834773905
0.85500 0.02627642438762892
0.85600 0.02611678568037211
0.85700 0.02595690222913782
0.85800 0.02579677401403414
0.85900 0.02563640099180555
0.86000 0.02547578309553405
0.86100 0.02531492023433301
0.86200 0.02515381229304433
0.86300 0.02499245913193005
0.86400 0.02483086058636391
0.86500 0.02466901646652092
0.86600 0.02450692655706418
0.86700 0.02434459061683215
0.86800 0.02418200837852091
0.86900 0.02401917954836877
0.87000 0.02385610380583201
0.87100 0.02369278080326881
0.87200 0.02352921016561262
0.87300 0.02336539149004782
0.87400 0.02320132434568272
0.87500 0.02303700827322094
0.87600 0.02287244278463052
0.87700 0.02270762736280970
0.87800 0.02254256146125715
0.87900 0.02237724450373110
0.88000 0.02221167588391119
0.88100 0.02204585496506271
0.88200 0.02187978107969140
0.88300 0.02171345352920016
0.88400 0.02154687158354238
0.88500 0.02138003448087822
0.88600 0.02121294142722063
0.88700 0.02104559159608725
0.88800 0.02087798412814417
0.88900 0.02071011813085599
0.89000 0.02054199267812244
0.89100 0.02037360680992358
0.89200 0.02020495953195725
0.89300 0.02003604981527804
0.89400 0.01986687659593021
0.89500 0.01969743877458318
0.89600 0.01952773521616080
0.89700 0.01935776474947353
0.89800 0.01918752616684378
0.89900 0.01901701822373075
0.90000 0.01884623963835989
0.90100 0.01867518909133497
0.90200 0.01850386522526581
0.90300 0.01833226664438407
0.90400 0.01816039191415556
0.90500 0.01798823956089970
0.90600 0.01781580807139736
0.90700 0.01764309589249908
0.90800 0.01747010143074051
0.90900 0.01729682305193998
0.91000 0.01712325908080683
0.91100 0.01694940780054167
0.91200 0.01677526745243763
0.91300 0.01660083623547615
0.91400 0.01642611230592631
0.91500 0.01625109377693410
0.91600 0.01607577871811658
0.91700 0.01590016515515390
0.91800 0.01572425106937272
0.91900 0.01554803439733427
0.92000 0.01537151303041935
0.92100 0.01519468481440470
0.92200 0.01501754754904944
0.92300 0.01484009898766889
0.92400 0.01466233683670953
0.92500 0.01448425875532259
0.92600 0.01430586235493894
0.92700 0.01412714519883399
0.92800 0.01394810480169622
0.92900 0.01376873862919065
0.93000 0.01358904409752891
0.93100 0.01340901857301959
0.93200 0.01322865937163651
0.93300 0.01304796375856854
0.93400 0.01286692894777916
0.93500 0.01268555210155703
0.93600 0.01250383033006437
0.93700 0.01232176069089050
0.93800 0.01213934018859111
0.93900 0.01195656577423980
0.94000 0.01177343434496389
0.94100 0.01158994274348796
0.94200 0.01140608775766942
0.94300 0.01122186612003684
0.94400 0.01103727450731840
0.94500 0.01085230953997843
0.94600 0.01066696778174238
0.94700 0.01048124573912812
0.94800 0.01029513986096606
0.94900 0.01010864653792514
0.95000 0.00992176210203100
0.95100 0.00973448282618631
0.95200 0.00954680492368546
0.95300 0.00935872454772786
0.95400 0.00917023779093289
0.95500 0.00898134068484360
0.95600 0.00879202919944280
0.95700 0.00860229924264761
0.95800 0.00841214665981921
0.95900 0.00822156723326582
0.96000 0.00803055668173323
0.96100 0.00783911065990413
0.96200 0.00764722475789849
0.96300 0.00745489450075583
0.96400 0.00726211534793077
0.96500 0.00706888269277996
0.96600 0.00687519186204173
0.96700 0.00668103811532996
0.96800 0.00648641664459948
0.96900 0.00629132257364073
0.97000 0.00609575095754506
0.97100 0.00589969678217870
0.97200 0.00570315496366134
0.97300 0.00550612034783011
0.97400 0.00530858770970711
0.97500 0.00511055175296446
0.97600 0.00491200710938672
0.97700 0.00471294833833256
0.97800 0.00451336992619361
0.97900 0.00431326628584336
0.98000 0.00411263175609713
0.98100 0.00391146060116118
0.98200 0.00370974701008284
0.98300 0.00350748509619031
0.98400 0.00330466889654750
0.98500 0.00310129237138443
0.98600 0.00289734940354501
0.98700 0.00269283379791946
0.98800 0.00248773928088304
0.98900 0.00228205949972171
0.99000 0.00207578802207225
0.99100 0.00186891833533546
0.99200 0.00166144384611876
0.99300 0.00145335787964750
0.99400 0.00124465367918365
0.99500 0.00103532440545674
0.99600 0.00082536313606706
0.99700 0.00061476286490375
0.99800 0.00040351650155712
0.99900 0.00019161687072864
1.00000 -0.00002094328837021
1.00000 -0.00003452680796112
0.99900 0.00003165328180916
0.99800 0.00009584542751579
0.99700 0.00015806939855493
0.99600 0.00021834476228900
0.99500 0.00027669088566565
0.99400 0.00033312693682844
0.99300 0.00038767188671081
0.99200 0.00044034451062942
0.99100 0.00049116338988338
0.99000 0.00054014691331444
0.98900 0.00058731327888202
0.98800 0.00063268049523907
0.98700 0.00067626638326631
0.98600 0.00071808857763257
0.98500 0.00075816452834051
0.98400 0.00079651150223688
0.98300 0.00083314658456431
0.98200 0.00086808668045825
0.98100 0.00090134851646558
0.98000 0.00093294864205147
0.97900 0.00096290343107912
0.97800 0.00099122908331767
0.97700 0.00101794162590251
0.97600 0.00104305691482737
0.97500 0.00106659063639204
0.97400 0.00108855830867052
0.97300 0.00110897528296272
0.97200 0.00112785674523034
0.97100 0.00114521771754134
0.97000 0.00116107305948665
0.96900 0.00117543746961765
0.96800 0.00118832548684835
0.96700 0.00119975149186936
0.96600 0.00120972970853687
0.96500 0.00121827420528209
0.96400 0.00122539889647792
0.96300 0.00123111754383556
0.96200 0.00123544375775635
0.96100 0.00123839099871050
0.96000 0.00123997257858936
0.95900 0.00124020166204829
0.95800 0.00123909126785992
0.95700 0.00123665427024201
0.95600 0.00123290340019002
0.95500 0.00122785124678720
0.95400 0.00122151025854204
0.95300 0.00121389274466680
0.95200 0.00120501087640363
0.95100 0.00119487668829236
0.95000 0.00118350207948477
0.94900 0.00117089881499376
0.94800 0.00115707852699388
0.94700 0.00114205271606745
0.94600 0.00112583275246528
0.94500 0.00110842987737167
0.94400 0.00108985520412704
0.94300 0.00107011971948946
0.94200 0.00104923428484593
0.94100 0.00102720963744794
0.94000 0.00100405639162254
0.93900 0.00097978503998854
0.93800 0.00095440595465630
0.93700 0.00092792938842462
0.93600 0.00090036547596807
0.93500 0.00087172423503551
0.93400 0.00084201556760204
0.93300 0.00081124926106229
0.93200 0.00077943498938050
0.93100 0.00074658231424468
0.93000 0.00071270068623687
0.92900 0.00067779944594884
0.92800 0.00064188782514134
0.92700 0.00060497494785723
0.92600 0.00056706983155973
0.92500 0.00052818138824025
0.92400 0.00048831842553389
0.92300 0.00044748964781810
0.92200 0.00040570365731355
0.92100 0.00036296895517735
0.92000 0.00031929394258320
0.91900 0.00027468692179905
0.91800 0.00022915609726360
0.91700 0.00018270957665064
0.91600 0.00013535537191899
0.91500 0.00008710140037608
0.91400 0.00003795548571650
0.91300 -0.00001207464093624
0.91200 -0.00006298133998904
0.91100 -0.00011475706237045
0.91000 -0.00016739434848971
0.90900 -0.00022088582723719
0.90800 -0.00027522421497082
0.90700 -0.00033040231451199
0.90600 -0.00038641301415620
0.90500 -0.00044324928668320
0.90400 -0.00050090418836184
0.90300 -0.00055937085799126
0.90200 -0.00061864251592310
0.90100 -0.00067871246309159
0.90000 -0.00073957408006220
0.89900 -0.00080122082607885
0.89800 -0.00086364623810774
0.89700 -0.00092684392992034
0.89600 -0.00099080759113680
0.89500 -0.00105553098630581
0.89400 -0.00112100795399196
0.89300 -0.00118723240584274
0.89200 -0.00125419832569715
0.89100 -0.00132189976866680
0.89000 -0.00139033086025198
0.88900 -0.00145948579543880
0.88800 -0.00152935883781634
0.88700 -0.00159994431870689
0.88600 -0.00167123663627715
0.88500 -0.00174323025468236
0.88400 -0.00181591970319313
0.88300 -0.00188929957535183
0.88200 -0.00196336452811377
0.88100 -0.00203810928100621
0.88000 -0.00211352861528904
0.87900 -0.00218961737312202
0.87800 -0.00226637045673961
0.87700 -0.00234378282762538
0.87600 -0.00242184950570073
0.87500 -0.00250056556851648
0.87400 -0.00257992615044400
0.87300 -0.00265992644188264
0.87200 -0.00274056168845944
0.87100 -0.00282182719025463
0.87000 -0.00290371830100764
0.86900 -0.00298623042734829
0.86800 -0.00306935902802838
0.86700 -0.00315309961315353
0.86600 -0.00323744774342498
0.86500 -0.00332239902939089
0.86400 -0.00340794913069467
0.86300 -0.00349409375533185
0.86200 -0.00358082865892111
0.86100 -0.00366814964396136
0.86000 -0.00375605255912097
0.85900 -0.00384453329850819
0.85800 -0.00393358780095260
0.85700 -0.00402321204931756
0.85600 -0.00411340206976329
0.85500 -0.00420415393108317
0.85400 -0.00429546374398725
0.85300 -0.00438732766042164
0.85200 -0.00447974187289590
0.85100 -0.00457270261379117
0.85000 -0.00466620615470125
0.84900 -0.00476024880575825
0.84800 -0.00485482691497691
0.84700 -0.00494993686760136
0.84600 -0.00504557508544851
0.84500 -0.00514173802626473
0.84400 -0.00523842218309331
0.84300 -0.00533562408363185
0.84200 -0.00543334028960927
0.84100 -0.00553156739615428
0.84000 -0.00563030203118754
0.83900 -0.00572954085479828
0.83800 -0.00582928055864121
0.83700 -0.00592951786533067
0.83600 -0.00603024952784570
0.83500 -0.00613147232893239
0.83400 -0.00623318308051962
0.83300 -0.00633537862313695
0.83200 -0.00643805582532866
0.83100 -0.00654121158309583
0.83000 -0.00664484281931148
0.82900 -0.00674894648316949
0.82800 -0.00685351954962198
0.82700 -0.00695855901882935
0.82600 -0.00706406191560805
0.82500 -0.00717002528889169
0.82400 -0.00727644621119118
0.82300 -0.00738332177806020
0.82200 -0.00749064910756804
0.82100 -0.00759842533977849
0.82000 -0.00770664763622633
0.81900 -0.00781531317940885
0.81800 -0.00792441917227179
0.81700 -0.00803396283770879
0.81600 -0.00814394141806125
0.81500 -0.00825435217462285
0.81400 -0.00836519238714779
0.81300 -0.00847645935337160
0.81200 -0.00858815038852425
0.81100 -0.00870026282485978
0.81000 -0.00881279401117862
0.80900 -0.00892574131237080
0.80800 -0.00903910210894313
0.80700 -0.00915287379657173
0.80600 -0.00926705378564331
0.80500 -0.00938163950080905
0.80400 -0.00949662838054464
0.80300 -0.00961201787670584
0.80200 -0.00972780545409836
0.80100 -0.00984398859004584
0.80000 -0.00996056477396831
0.79900 -0.01007753150695701
0.79800 -0.01019488630136210
0.79700 -0.01031262668037625
0.79600 -0.01043075017763509
0.79500 -0.01054925433680748
0.79400 -0.01066813671119985
0.79300 -0.01078739486336167
0.79200 -0.01090702636469837
0.79100 -0.01102702879508162
0.79000 -0.01114739974247221
0.78900 -0.01126813680254461
0.78800 -0.01138923757830866
0.78700 -0.01151069967974929
0.78600 -0.01163252072345726
0.78500 -0.01175469833227424
0.78400 -0.01187723013493336
0.78300 -0.01200011376571214
0.78200 -0.01212334686408398
0.78100 -0.01224692707437959
0.78000 -0.01237085204544049
0.77900 -0.01249511943029201
0.77800 -0.01261972688581626
0.77700 -0.01274467207241651
0.77600 -0.01286995265370271
0.77500 -0.01299556629617427
0.77400 -0.01312151066890371
0.77300 -0.01324778344322787
0.77200 -0.01337438229244511
0.77100 -0.01350130489151273
0.77000 -0.01362854891674816
0.76900 -0.01375611204553922
0.76800 -0.01388399195605264
0.76700 -0.01401218632694922
0.76600 -0.01414069283710429
0.76500 -0.01426950916532822
0.76400 -0.01439863299009351
0.76300 -0.01452806198926948
0.76200 -0.01465779383984926
0.76100 -0.01478782621769479
0.76000 -0.01491815679727719
0.75900 -0.01504878325142025
0.75800 -0.01517970325105472
0.75700 -0.01531091446496907
0.75600 -0.01544241455956820
0.75500 -0.01557420119863426
0.75400 -0.01570627204309248
0.75300 -0.01583862475077990
0.75200 -0.01597125697621637
0.75100 -0.01610416637038441
0.75000 -0.01623735058050455
0.74900 -0.01637080724982372
0.74800 -0.01650453401740050
0.74700 -0.01663852851789464
0.74600 -0.01677278838136335
0.74500 -0.01690731123306253
0.74400 -0.01704209469324096
0.74300 -0.01717713637695412
0.74200 -0.01731243389386781
0.74100 -0.01744798484807369
0.74000 -0.01758378683790310
0.73900 -0.01771983745574927
0.73800 -0.01785613428788650
0.73700 -0.01799267491430258
0.73600 -0.01812945690852416
0.73500 -0.01826647783745208
0.73400 -0.01840373526119797
0.73300 -0.01854122673292543
0.73200 -0.01867894979869341
0.73100 -0.01881690199730268
0.73000 -0.01895508086014864
0.72900 -0.01909348391107154
0.72800 -0.01923210866621865
0.72700 -0.01937095263390079
0.72600 -0.01951001331445754
0.72500 -0.01964928820012645
0.72400 -0.01978877477491002
0.72300 -0.01992847051445211
0.72200 -0.02006837288591348
0.72100 -0.02020847934785354
0.72000 -0.02034878735011286
0.71900 -0.02048929433369710
0.71800 -0.02062999773067395
0.71700 -0.02077089496405770
0.71600 -0.02091198344771215
0.71500 -0.02105326058624545
0.71400 -0.02119472377491385
0.71300 -0.02133637039952807
0.71200 -0.02147819783636015
0.71100 -0.02162020345205729
0.71000 -0.02176238460355242
0.70900 -0.02190473863798766
0.70800 -0.02204726289262970
0.70700 -0.02218995469479598
0.70600 -0.02233281136178076
0.70500 -0.02247583020078463
0.70400 -0.02261900850884879
0.70300 -0.02276234357278696
0.70200 -0.02290583266912653
0.70100 -0.02304947306404919
0.70000 -0.02319326201333524
0.69900 -0.02333719676230867
0.69800 -0.02348127454579166
0.69700 -0.02362549258805201
0.69600 -0.02376984810276070
0.69500 -0.02391433829295232
0.69400 -0.02405896035098296
0.69300 -0.02420371145849526
0.69200 -0.02434858878638545
0.69100 -0.02449358949477361
0.69000 -0.02463871073297172
0.68900 -0.02478394963946383
0.68800 -0.02492930334188002
0.68700 -0.02507476895697522
0.68600 -0.02522034359061815
0.68500 -0.02536602433776929
0.68400 -0.02551180828247264
0.68300 -0.02565769249784808
0.68200 -0.02580367404607935
0.68100 -0.02594974997841440
0.68000 -0.02609591733516158
0.67900 -0.02624217314569292
0.67800 -0.02638851442844202
0.67700 -0.02653493819091573
0.67600 -0.02668144142969952
0.67500 -0.02682802113046976
0.67400 -0.02697467426800464
0.67300 -0.02712139780620345
0.67200 -0.02726818869810046
0.67100 -0.02741504388588938
0.67000 -0.02756196030094266
0.66900 -0.02770893486384106
0.66800 -0.02785596448439629
0.66700 -0.02800304606168520
0.66600 -0.02815017648407978
0.66500 -0.02829735262928294
0.66400 -0.02844457136436251
0.66300 -0.02859182954579619
0.66200 -0.02873912401950699
0.66100 -0.02888645162091071
0.66000 -0.02903380917495797
0.65900 -0.02918119349618727
0.65800 -0.02932860138877182
0.65700 -0.02947602964657246
0.65600 -0.02962347505319336
0.65500 -0.02977093438203666
0.65400 -0.02991840439636461
0.65300 -0.03006588184935599
0.65200 -0.03021336348417374
0.65100 -0.03036084603402773
0.65000 -0.03050832622224159
0.64900 -0.03065580076232260
0.64800 -0.03080326635803372
0.64700 -0.03095071970346501
0.64600 -0.03109815748310981
0.64500 -0.03124557637194234
0.64400 -0.03139297303549704
0.64300 -0.03154034412994831
0.64200 -0.03168768630219451
0.64100 -0.03183499618994338
0.64000 -0.03198227042179644
0.63900 -0.03212950561734097
0.63800 -0.03227669838723919
0.63700 -0.03242384533331981
0.63600 -0.03257094304867336
0.63500 -0.03271798811774743
0.63400 -0.03286497711644516
0.63300 -0.03301190661222474
0.63200 -0.03315877316419986
0.63100 -0.03330557332324438
0.63000 -0.03345230363209632
0.62900 -0.03359896062546351
0.62800 -0.03374554083013415
0.62700 -0.03389204076508384
0.62600 -0.03403845694158946
0.62500 -0.03418478586334179
0.62400 -0.03433102402655879
0.62300 -0.03447716792010470
0.62200 -0.03462321402560598
0.62100 -0.03476915881757185
0.62000 -0.03491499876351532
0.61900 -0.03506073032407599
0.61800 -0.03520634995314413
0.61700 -0.03535185409798561
0.61600 -0.03549723919937218
0.61500 -0.03564250169170571
0.61400 -0.03578763800315207
0.61300 -0.03593264455577160
0.61200 -0.03607751776565098
0.61100 -0.03622225404303966
0.61000 -0.03636684979248409
0.60900 -0.03651130141296646
0.60800 -0.03665560529804195
0.60700 -0.03679975783597984
0.60600 -0.03694375540990420
0.60500 -0.03708759439793544
0.60400 -0.03723127117333676
0.60300 -0.03737478210465740
0.60200 -0.03751812355587866
0.60100 -0.03766129188656385
0.60000 -0.03780428345200444
0.59900 -0.03794709460337307
0.59800 -0.03808972168787171
0.59700 -0.03823216104888733
0.59600 -0.03837440902614236
0.59500 -0.03851646195585211
0.59400 -0.03865831617088027
0.59300 -0.03879996800089436
0.59200 -0.03894141377252516
0.59100 -0.03908264980952597
0.59000 -0.03922367243293310
0.58900 -0.03936447796122497
0.58800 -0.03950506271048810
0.58700 -0.03964542299457770
0.58600 -0.03978555512528270
0.58500 -0.03992545541249196
0.58400 -0.04006512016435952
0.58300 -0.04020454568747225
0.58200 -0.04034372828701850
0.58100 -0.04048266426695583
0.58000 -0.04062134993018239
0.57900 -0.04075978157870774
0.57800 -0.04089795551382370
0.57700 -0.04103586803627671
0.57600 -0.04117351544644350
0.57500 -0.04131089404450213
0.57400 -0.04144800013060909
0.57300 -0.04158483000507509
0.57200 -0.04172137996854008
0.57100 -0.04185764632215273
0.57000 -0.04199362536774642
0.56900 -0.04212931340801934
0.56800 -0.04226470674671301
0.56700 -0.04239980168879279
0.56600 -0.04253459454062938
0.56500 -0.04266908161017891
0.56400 -0.04280325920716592
0.56300 -0.04293712364326544
0.56200 -0.04307067123228672
0.56100 -0.04320389829035692
0.56000 -0.04333680113610532
0.55900 -0.04346937609084871
0.55800 -0.04360161947877587
0.55700 -0.04373352762713525
0.55600 -0.04386509686641926
0.55500 -0.04399632353055334
0.55400 -0.04412720395708168
0.55300 -0.04425773448735643
0.55200 -0.04438791146672491
0.55100 -0.04451773124471885
0.55000 -0.04464719017524328
0.54900 -0.04477628461676656
0.54800 -0.04490501093250902
0.54700 -0.04503336549063392
0.54600 -0.04516134466443843
0.54500 -0.04528894483254334
0.54400 -0.04541616237908453
0.54300 -0.04554299369390492
0.54200 -0.04566943517274537
0.54100 -0.04579548321743654
0.54000 -0.04592113423609173
0.53900 -0.04604638464329790
0.53800 -0.04617123086031010
0.53700 -0.04629566931524182
0.53600 -0.04641969644326024
0.53500 -0.04654330868677646
0.53400 -0.04666650249564068
0.53300 -0.04678927432733539
0.53200 -0.04691162064716689
0.53100 -0.04703353792846066
0.53000 -0.04715502265275304
0.52900 -0.04727607130998653
0.52800 -0.04739668039870095
0.52700 -0.04751684642622957
0.52600 -0.04763656590889007
0.52500 -0.04775583537217952
0.52400 -0.04787465135096750
0.52300 -0.04799301038968905
0.52200 -0.04811090904253813
0.52100 -0.04822834387366033
0.52000 -0.04834531145734737
0.51900 -0.04846180837822805
0.51800 -0.04857783123146210
0.51700 -0.04869337662293240
0.51600 -0.04880844116943792
0.51500 -0.04892302149888529
0.51400 -0.04903711425048092
0.51300 -0.04915071607492308
0.51200 -0.04926382363459290
0.51100 -0.04937643360374615
0.51000 -0.04948854266870374
0.50900 -0.04960014752804224
0.50800 -0.04971124489278504
0.50700 -0.04982183148659148
0.50600 -0.04993190404594687
0.50500 -0.05004145932035135
0.50400 -0.05015049407250943
0.50300 -0.05025900507851805
0.50200 -0.05036698912805442
0.50100 -0.05047444302456419
0.50000 -0.05058136358544831
0.49900 -0.05068774764224916
0.49800 -0.05079359204083773
0.49700 -0.05089889364159874
0.49600 -0.05100364931961568
0.49500 -0.05110785596485563
0.49400 -0.05121151048235337
0.49300 -0.05131460979239468
0.49200 -0.05141715083069919
0.49100 -0.05151913054860263
0.49000 -0.05162054591323877
0.48900 -0.05172139390771996
0.48800 -0.05182167153131775
0.48700 -0.05192137579964227
0.48600 -0.05202050374482131
0.48500 -0.05211905241567857
0.48400 -0.05221701887791106
0.48300 -0.05231440021426592
0.48200 -0.05241119352471627
0.48100 -0.05250739592663625
0.48000 -0.05260300455497569
0.47900 -0.05269801656243364
0.47800 -0.05279242911963065
0.47700 -0.05288623941528123
0.47600 -0.05297944465636412
0.47500 -0.05307204206829311
0.47400 -0.05316402889508573
0.47300 -0.05325540239953153
0.47200 -0.05334615986335951
0.47100 -0.05343629858740429
0.47000 -0.05352581589177184
0.46900 -0.05361470911600336
0.46800 -0.05370297561923883
0.46700 -0.05379061278037940
0.46600 -0.05387761799824840
0.46500 -0.05396398869175201
0.46400 -0.05404972230003759
0.46300 -0.05413481628265235
0.46200 -0.05421926811969997
0.46100 -0.05430307531199626
0.46000 -0.05438623538122396
0.45900 -0.05446874587008594
0.45800 -0.05455060434245712
0.45700 -0.05463180838353629
0.45600 -0.05471235559999510
0.45500 -0.05479224362012686
0.45400 -0.05487147009399369
0.45300 -0.05495003269357253
0.45200 -0.05502792911290025
0.45100 -0.05510515706821576
0.45000 -0.05518171429810360
0.44900 -0.05525759856363335
0.44800 -0.05533280764849935
0.44700 -0.05540733935915882
0.44600 -0.05548119152496774
0.44500 -0.05555436199831636
0.44400 -0.05562684865476275
0.44300 -0.05569864939316467
0.44200 -0.05576976213581050
0.44100 -0.05584018482854806
0.44000 -0.05590991544091250
0.43900 -0.05597895196625215
0.43800 -0.05604729242185338
0.43700 -0.05611493484906314
0.43600 -0.05618187731341058
0.43500 -0.05624811790472668
0.43400 -0.05631365473726219
0.43300 -0.05637848594980461
0.43200 -0.05644260970579233
0.43100 -0.05650602419342812
0.43000 -0.05656872762579029
0.42900 -0.05663071824094267
0.42800 -0.05669199430204236
0.42700 -0.05675255409744568
0.42600 -0.05681239594081263
0.42500 -0.05687151817120992
0.42400 -0.05692991915321102
0.42300 -0.05698759727699585
0.42200 -0.05704455095844684
0.42100 -0.05710077863924513
0.42000 -0.05715627878696319
0.41900 -0.05721104989515659
0.41800 -0.05726509048345306
0.41700 -0.05731839909764028
0.41600 -0.05737097430975133
0.41500 -0.05742281471814816
0.41400 -0.05747391894760294
0.41300 -0.05752428564937788
0.41200 -0.05757391350130255
0.41100 -0.05762280120784889
0.41000 -0.05767094750020509
0.40900 -0.05771835113634619
0.40800 -0.05776501090110352
0.40700 -0.05781092560623136
0.40600 -0.05785609409047164
0.40500 -0.05790051521961658
0.40400 -0.05794418788656910
0.40300 -0.05798711101140065
0.40200 -0.05802928354140721
0.40100 -0.05807070445116293
0.40000 -0.05811137274257130
0.39900 -0.05815128744491421
0.39800 -0.05819044761489851
0.39700 -0.05822885233670056
0.39600 -0.05826650072200782
0.39500 -0.05830339191005870
0.39400 -0.05833952506767951
0.39300 -0.05837489938931921
0.39200 -0.05840951409708181
0.39100 -0.05844336844075591
0.39000 -0.05847646169784232
0.38900 -0.05850879317357839
0.38800 -0.05854036220096074
0.38700 -0.05857116814076462
0.38600 -0.05860121038156116
0.38500 -0.05863048833973194
0.38400 -0.05865900145948067
0.38300 -0.05868674921284269
0.38200 -0.05871373109969151
0.38100 -0.05873994664774258
0.38000 -0.05876539541255473
0.37900 -0.05879007697752837
0.37800 -0.05881399095390153
0.37700 -0.05883713698074267
0.37600 -0.05885951472494082
0.37500 -0.05888112388119296
0.37400 -0.05890196417198872
0.37300 -0.05892203534759163
0.37200 -0.05894133718601857
0.37100 -0.05895986949301489
0.37000 -0.05897763210202783
0.36900 -0.05899462487417662
0.36800 -0.05901084769821908
0.36700 -0.05902630049051595
0.36600 -0.05904098319499205
0.36500 -0.05905489578309389
0.36400 -0.05906803825374483
0.36300 -0.05908041063329695
0.36200 -0.05909201297547961
0.36100 -0.05910284536134514
0.36000 -0.05911290789921123
0.35900 -0.05912220072460024
0.35800 -0.05913072400017515
0.35700 -0.05913847791567251
0.35600 -0.05914546268783181
0.35500 -0.05915167856032186
0.35400 -0.05915712580366388
0.35300 -0.05916180471515091
0.35200 -0.05916571561876418
0.35100 -0.05916885886508622
0.35000 -0.05917123483121010
0.34900 -0.05917284392064566
0.34800 -0.05917368656322213
0.34700 -0.05917376321498716
0.34600 -0.05917307435810257
0.34500 -0.05917162050073654
0.34400 -0.05916940217695186
0.34300 -0.05916641994659124
0.34200 -0.05916267439515838
0.34100 -0.05915816613369595
0.34000 -0.05915289579865928
0.33900 -0.05914686405178706
0.33800 -0.05914007157996777
0.33700 -0.05913251909510255
0.33600 -0.05912420733396454
0.33500 -0.05911513705805380
0.33400 -0.05910530905344905
0.33300 -0.05909472413065528
0.33200 -0.05908338312444721
0.33100 -0.05907128689370944
0.33000 -0.05905843632127205
0.32900 -0.05904483231374239
0.32800 -0.05903047580133324
0.32700 -0.05901536773768641
0.32600 -0.05899950909969237
0.32500 -0.05898290088730633
0.32400 -0.05896554412335930
0.32300 -0.05894743985336567
0.32200 -0.05892858914532624
0.32100 -0.05890899308952738
0.32000 -0.05888865279833550
0.31900 -0.05886756940598738
0.31800 -0.05884574406837655
0.31700 -0.05882317796283459
0.31600 -0.05879987228790877
0.31500 -0.05877582826313470
0.31400 -0.05875104712880497
0.31300 -0.05872553014573286
0.31200 -0.05869927859501199
0.31100 -0.05867229377777092
0.31000 -0.05864457701492362
0.30900 -0.05861612964691492
0.30800 -0.05858695303346141
0.30700 -0.05855704855328793
0.30600 -0.05852641760385877
0.30500 -0.05849506160110445
0.30400 -0.05846298197914359
0.30300 -0.05843018019000003
0.30200 -0.05839665770331474
0.30100 -0.05836241600605314
0.30000 -0.05832745660220712
0.29900 -0.05829178101249250
0.29800 -0.05825539077404071
0.29700 -0.05821828744008605
0.29600 -0.05818047257964758
0.29500 -0.05814194777720550
0.29400 -0.05810271463237286
0.29300 -0.05806277475956140
0.29200 -0.05802212978764261
0.29100 -0.05798078135960304
0.29000 -0.05793873113219425
0.28900 -0.05789598077557751
0.28800 -0.05785253197296279
0.28700 -0.05780838642024212
0.28600 -0.05776354582561770
0.28500 -0.05771801190922388
0.28400 -0.05767178640274379
0.28300 -0.05762487104902003
0.28200 -0.05757726760165965
0.28100 -0.05752897782463318
0.28000 -0.05748000349186778
0.27900 -0.05743034638683437
0.27800 -0.05738000830212887
0.27700 -0.05732899103904717
0.27600 -0.05727729640715406
0.27500 -0.05722492622384587
0.27400 -0.05717188231390712
0.27300 -0.05711816650906045
0.27200 -0.05706378064751033
0.27100 -0.05700872657348059
0.27000 -0.05695300613674496
0.26900 -0.05689662119215138
0.26800 -0.05683957359913960
0.26700 -0.05678186522125201
0.26600 -0.05672349792563767
0.26500 -0.05666447358254967
0.26400 -0.05660479406483533
0.26300 -0.05654446124741955
0.26200 -0.05648347700678122
0.26100 -0.05642184322042215
0.26000 -0.05635956176632911
0.25900 -0.05629663452242846
0.25800 -0.05623306336603332
0.25700 -0.05616885017328342
0.25600 -0.05610399681857736
0.25500 -0.05603850517399732
0.25400 -0.05597237710872572
0.25300 -0.05590561448845476
0.25200 -0.05583821917478732
0.25100 -0.05577019302463042
0.25000 -0.05570153788958038
0.24900 -0.05563225561529978
0.24800 -0.05556234804088635
0.24700 -0.05549181699823325
0.24600 -0.05542066431138105
0.24500 -0.05534889179586115
0.24400 -0.05527650125803034
0.24300 -0.05520349449439677
0.24200 -0.05512987329093692
0.24100 -0.05505563942240358
0.24000 -0.05498079465162468
0.23900 -0.05490534072879286
0.23800 -0.05482927939074570
0.23700 -0.05475261236023651
0.23600 -0.05467534134519528
0.23500 -0.05459746803798006
0.23400 -0.05451899411461844
0.23300 -0.05443992123403887
0.23200 -0.05436025103729195
0.23100 -0.05427998514676125
0.23000 -0.05419912516536381
0.22900 -0.05411767267573998
0.22800 -0.05403562923943234
0.22700 -0.05395299639605383
0.22600 -0.05386977566244490
0.22500 -0.05378596853181902
0.22400 -0.05370157647289710
0.22300 -0.05361660092903008
0.22200 -0.05353104331730984
0.22100 -0.05344490502766804
0.22000 -0.05335818742196281
0.21900 -0.05327089183305304
0.21800 -0.05318301956386017
0.21700 -0.05309457188641702
0.21600 -0.05300555004090381
0.21500 -0.05291595523467080
0.21400 -0.05282578864124758
0.21300 -0.05273505139933863
0.21200 -0.05264374461180494
0.21100 -0.05255186934463153
0.21000 -0.05245942662588046
0.20900 -0.05236641744462922
0.20800 -0.05227284274989417
0.20700 -0.05217870344953870
0.20600 -0.05208400040916595
0.20500 -0.05198873445099565
0.20400 -0.05189290635272491
0.20300 -0.05179651684637266
0.20200 -0.05169956661710710
0.20100 -0.05160205630205649
0.20000 -0.05150398648910209
0.19900 -0.05140535771565371
0.19800 -0.05130617046740695
0.19700 -0.05120642517708202
0.19600 -0.05110612222314363
0.19500 -0.05100526192850170
0.19400 -0.05090384455919231
0.19300 -0.05080187032303857
0.19200 -0.05069933936829103
0.19100 -0.05059625178224696
0.19000 -0.05049260758984832
0.18900 -0.05038840675225768
0.18800 -0.05028364916541183
0.18700 -0.05017833465855230
0.18600 -0.05007246299273259
0.18500 -0.04996603385930121
0.18400 -0.04985904687836023
0.18300 -0.04975150159719863
0.18200 -0.04964339748869984
0.18100 -0.04953473394972297
0.18000 -0.04942551029945683
0.17900 -0.04931572577774635
0.17800 -0.04920537954339049
0.17700 -0.04909447067241108
0.17600 -0.04898299815629164
0.17500 -0.04887096090018566
0.17400 -0.04875835772109331
0.17300 -0.04864518734600591
0.17200 -0.04853144841001719
0.17100 -0.04841713945440044
0.17000 -0.04830225892465081
0.16900 -0.04818680516849146
0.16800 -0.04807077643384299
0.16700 -0.04795417086675456
0.16600 -0.04783698650929629
0.16500 -0.04771922129741122
0.16400 -0.04760087305872596
0.16300 -0.04748193951031883
0.16200 -0.04736241825644426
0.16100 -0.04724230678621180
0.16000 -0.04712160247121888
0.15900 -0.04700030256313566
0.15800 -0.04687840419124041
0.15700 -0.04675590435990400
0.15600 -0.04663279994602204
0.15500 -0.04650908769639273
0.15400 -0.04638476422503887
0.15300 -0.04625982601047227
0.15200 -0.04613426939289853
0.15100 -0.04600809057136036
0.15000 -0.04588128560081731
0.14900 -0.04575385038915990
0.14800 -0.04562578069415586
0.14700 -0.04549707212032609
0.14600 -0.04536772011574802
0.14500 -0.04523771996878404
0.14400 -0.04510706680473172
0.14300 -0.04497575558239392
0.14200 -0.04484378109056523
0.14100 -0.04471113794443211
0.14000 -0.04457782058188339
0.13900 -0.04444382325972782
0.13800 -0.04430914004981559
0.13700 -0.04417376483505950
0.13600 -0.04403769130535274
0.13500 -0.04390091295337891
0.13400 -0.04376342307031008
0.13300 -0.04362521474138889
0.13200 -0.04348628084138963
0.13100 -0.04334661402995407
0.13000 -0.04320620674679648
0.12900 -0.04306505120677293
0.12800 -0.04292313939480912
0.12700 -0.04278046306068111
0.12600 -0.04263701371364258
0.12500 -0.04249278261689234
0.12400 -0.04234776078187527
0.12300 -0.04220193896240971
0.12200 -0.04205530764863340
0.12100 -0.04190785706076055
0.12000 -0.04175957714264134
0.11900 -0.04161045755511531
0.11800 -0.04146048766914912
0.11700 -0.04130965655874928
0.11600 -0.04115795299363904
0.11500 -0.04100536543168917
0.11400 -0.04085188201109039
0.11300 -0.04069749054225594
0.11200 -0.04054217849944102
0.11100 -0.04038593301206568
0.11000 -0.04022874085572658
0.10900 -0.04007058844288258
0.10800 -0.03991146181319771
0.10700 -0.03975134662352463
0.10600 -0.03959022813751017
0.10500 -0.03942809121480384
0.10400 -0.03926492029984853
0.10300 -0.03910069941023193
0.10200 -0.03893541212457517
0.10100 -0.03876904156993433
0.10000 -0.03860157040868834
0.09900 -0.03843298082488542
0.09800 -0.03826325451001832
0.09700 -0.03809237264819638
0.09600 -0.03792031590068089
0.09500 -0.03774706438974713
0.09400 -0.03757259768183455
0.09300 -0.03739689476994390
0.09200 -0.03721993405523686
0.09100 -0.03704169332779067
0.09000 -0.03686214974645725
0.08900 -0.03668127981777209
0.08800 -0.03649905937385454
0.08700 -0.03631546354923677
0.08600 -0.03613046675655367
0.08500 -0.03594404266102142
0.08400 -0.03575616415362620
0.08300 -0.03556680332293912
0.08200 -0.03537593142546607
0.08100 -0.03518351885443492
0.08000 -0.03498953510691365
0.07900 -0.03479394874914500
0.07800 -0.03459672737997353
0.07700 -0.03439783759223043
0.07600 -0.03419724493193067
0.07500 -0.03399491385512355
0.07400 -0.03379080768222495
0.07300 -0.03358488854964385
0.07200 -0.03337711735849895
0.07100 -0.03316745372020295
0.07000 -0.03295585589867152
0.06900 -0.03274228074889134
0.06800 -0.03252668365155634
0.06700 -0.03230901844345369
0.06600 -0.03208923734324960
0.06500 -0.03186729087229097
0.06400 -0.03164312776999981
0.06300 -0.03141669490339467
0.06200 -0.03118793717022458
0.06100 -0.03095679739514744
0.06000 -0.03072321621832352
0.05900 -0.03048713197572631
0.05800 -0.03024848057039597
0.05700 -0.03000719533377333
0.05600 -0.02976320687615334
0.05500 -0.02951644292518533
0.05400 -0.02926682815121946
0.05300 -0.02901428397815398
0.05200 -0.02875872837827185
0.05100 -0.02850007564936537
0.05000 -0.02823823617222960
0.04900 -0.02797311614635443
0.04800 -0.02770461730135567
0.04700 -0.02743263658135078
0.04600 -0.02715706579909584
0.04500 -0.02687779125624821
0.04400 -0.02659469332559088
0.04300 -0.02630764599043565
0.04200 -0.02601651633569456
0.04100 -0.02572116398425086
0.04000 -0.02542144047124417
0.03900 -0.02511718854767646
0.03800 -0.02480824140330275
0.03700 -0.02449442179704176
0.03600 -0.02417554108105931
0.03500 -0.02385139810215784
0.03400 -0.02352177796104219
0.03300 -0.02318645060628649
0.03200 -0.02284516923522404
0.03100 -0.02249766846829021
0.03000 -0.02214366225626706
0.02900 -0.02178284147101001
0.02800 -0.02141487111905230
0.02700 -0.02103938710327182
0.02600 -0.02065599243960393
0.02500 -0.02026425281227464
0.02400 -0.01986369132038403
0.02300 -0.01945378222833214
0.02200 -0.01903394347892062
0.02100 -0.01860352765576514
0.02000 -0.01816181098330440
0.01900 -0.01770797981690826
0.01800 -0.01724111388535211
0.01700 -0.01676016527708096
0.01600 -0.01626393176918791
0.01500 -0.01575102251797135
0.01400 -0.01521981325375524
0.01300 -0.01466838676640329
0.01200 -0.01409445230977186
0.01100 -0.01349523400931836
0.01000 -0.01286731232303758
0.00900 -0.01220639189129481
0.00800 -0.01150694911906199
0.00700 -0.01076167325076319
0.00600 -0.00996053042636452
0.00500 -0.00908908368214292
0.00400 -0.00812518587177072
0.00300 -0.00703156885020182
0.00200 -0.00573558490389484
0.00100 -0.00404971238135720
0.00000 0.00000000000000000
