#    s        x        y     Ue/Vinf    Dstar     Theta      Cf
   0.00000  1.00000  0.00126  0.96579  0.034712  0.009225  0.000000
   0.00729  0.99286  0.00273  0.96609  0.033486  0.009209  0.000001
   0.02022  0.98019  0.00531  0.96596  0.031302  0.009216  0.000003
   0.03545  0.96525  0.00828  0.96466  0.028797  0.009281  0.000022
   0.05243  0.94859  0.01153  0.96804  0.026067  0.009121  0.000088
   0.07045  0.93088  0.01490  0.97473  0.023357  0.008826  0.000163
   0.08901  0.91264  0.01829  0.98402  0.020822  0.008450  0.000251
   0.10782  0.89413  0.02164  0.99563  0.018534  0.008024  0.000353
   0.12674  0.87550  0.02492  1.00918  0.016515  0.007572  0.000468
   0.14570  0.85680  0.02813  1.02431  0.014755  0.007117  0.000596
   0.16470  0.83807  0.03126  1.04055  0.013243  0.006674  0.000733
   0.18370  0.81931  0.03430  1.05750  0.011949  0.006255  0.000876
   0.20271  0.80053  0.03726  1.07490  0.010841  0.005864  0.001022
   0.22172  0.78174  0.04014  1.09242  0.009894  0.005503  0.001171
   0.24073  0.76294  0.04293  1.10996  0.009078  0.005173  0.001319
   0.25973  0.74413  0.04563  1.12730  0.008375  0.004871  0.001466
   0.27874  0.72531  0.04825  1.14446  0.007761  0.004595  0.001612
   0.29773  0.70648  0.05079  1.16142  0.007220  0.004342  0.001755
   0.31672  0.68765  0.05323  1.17814  0.006742  0.004108  0.001897
   0.33570  0.66882  0.05559  1.19470  0.006313  0.003892  0.002037
   0.35466  0.64999  0.05785  1.21110  0.005926  0.003692  0.002176
   0.37362  0.63116  0.06003  1.22741  0.005574  0.003504  0.002315
   0.39255  0.61234  0.06210  1.24368  0.005252  0.003328  0.002454
   0.41147  0.59352  0.06408  1.25996  0.004954  0.003162  0.002594
   0.43038  0.57471  0.06596  1.27628  0.004677  0.003005  0.002734
   0.44926  0.55592  0.06774  1.29270  0.004419  0.002856  0.002877
   0.46811  0.53714  0.06941  1.30933  0.004175  0.002714  0.003024
   0.48694  0.51837  0.07097  1.32619  0.003945  0.002577  0.003174
   0.50574  0.49963  0.07241  1.34333  0.003727  0.002446  0.003330
   0.52451  0.48091  0.07374  1.36086  0.003519  0.002320  0.003492
   0.54324  0.46222  0.07495  1.37883  0.003320  0.002198  0.003662
   0.56192  0.44356  0.07603  1.39740  0.003128  0.002080  0.003844
   0.58054  0.42496  0.07697  1.41669  0.002941  0.001964  0.004039
   0.59908  0.40644  0.07778  1.43712  0.002757  0.001850  0.004257
   0.61747  0.38807  0.07843  1.45893  0.002573  0.001737  0.004504
   0.63572  0.36982  0.07890  1.47988  0.002411  0.001634  0.004739
   0.65389  0.35166  0.07916  1.50076  0.002260  0.001537  0.004973
   0.67198  0.33356  0.07922  1.52176  0.002119  0.001445  0.005211
   0.69001  0.31554  0.07907  1.54299  0.001986  0.001357  0.005453
   0.70796  0.29759  0.07871  1.56477  0.001859  0.001272  0.005706
   0.72583  0.27973  0.07812  1.58704  0.001738  0.001191  0.005967
   0.74361  0.26197  0.07729  1.61005  0.001622  0.001113  0.006240
   0.76130  0.24431  0.07623  1.63388  0.001510  0.001037  0.006527
   0.77888  0.22679  0.07492  1.65879  0.001403  0.000963  0.006832
   0.79633  0.20941  0.07335  1.68498  0.001298  0.000891  0.007159
   0.81363  0.19220  0.07151  1.71271  0.001197  0.000820  0.007510
   0.83075  0.17521  0.06939  1.74220  0.001098  0.000752  0.007890
   0.84766  0.15847  0.06699  1.77407  0.001002  0.000685  0.008313
   0.86429  0.14206  0.06429  1.80863  0.000908  0.000619  0.008783
   0.88056  0.12607  0.06131  1.84645  0.000816  0.000555  0.009314
   0.89633  0.11063  0.05806  1.88826  0.000726  0.000493  0.009931
   0.91144  0.09593  0.05457  1.93456  0.000639  0.000432  0.010657
   0.92566  0.08220  0.05090  1.98572  0.000556  0.000375  0.011528
   0.93873  0.06968  0.04715  2.04192  0.000478  0.000322  0.012599
   0.95047  0.05855  0.04341  2.10258  0.000406  0.000274  0.013929
   0.96079  0.04888  0.03979  2.16718  0.000340  0.000230  0.015609
   0.96973  0.04063  0.03635  2.23484  0.000282  0.000193  0.017731
   0.97744  0.03364  0.03312  2.30456  0.000231  0.000160  0.020362
   0.98409  0.02772  0.03008  2.37564  0.000188  0.000131  0.023454
   0.98986  0.02271  0.02723  2.44686  0.000153  0.000107  0.026267
   0.99491  0.01843  0.02452  2.51627  0.000134  0.000087  0.024786
   0.99938  0.01478  0.02195  2.58859  0.000148  0.000072  0.012052
   1.00338  0.01165  0.01947  2.79753  0.000259  0.000045 -0.001428
   1.00698  0.00897  0.01706  2.83586  0.000214  0.000041 -0.001589
   1.01026  0.00668  0.01471  2.87958  0.000151  0.000038 -0.000568
   1.01326  0.00476  0.01240  2.94129  0.000107  0.000033  0.004062
   1.01604  0.00318  0.01012  3.00608  0.000082  0.000029  0.010027
   1.01863  0.00192  0.00785  3.05168  0.000066  0.000025  0.016590
   1.02106  0.00098  0.00561  3.06333  0.000055  0.000022  0.023316
   1.02336  0.00036  0.00340  3.02973  0.000047  0.000020  0.029626
   1.02553  0.00005  0.00125  2.94559  0.000042  0.000018  0.033881
   1.02761  0.00002 -0.00083  2.81921  0.000039  0.000017  0.036248
   1.02974  0.00028 -0.00294  2.64527  0.000037  0.000016  0.037568
   1.03198  0.00087 -0.00511  2.41603  0.000036  0.000016  0.036300
   1.03433  0.00181 -0.00726  2.14739  0.000036  0.000016  0.032647
   1.03680  0.00310 -0.00937  1.86185  0.000038  0.000017  0.027342
   1.03944  0.00474 -0.01143  1.58273  0.000041  0.000019  0.021815
   1.04227  0.00674 -0.01344  1.32334  0.000044  0.000020  0.016725
   1.04532  0.00909 -0.01538  1.08869  0.000048  0.000022  0.012569
   1.04865  0.01183 -0.01728  0.87963  0.000054  0.000025  0.009069
   1.05232  0.01498 -0.01915  0.69434  0.000059  0.000027  0.006525
   1.05638  0.01860 -0.02100  0.52941  0.000066  0.000030  0.004369
   1.06095  0.02278 -0.02284  0.38214  0.000072  0.000033  0.002905
   1.06613  0.02762 -0.02469  0.24910  0.000082  0.000037  0.001633
   1.07208  0.03327 -0.02656  0.12859  0.000088  0.000040  0.000790
   1.07897  0.03989 -0.02845  0.01892  0.000106  0.000048  0.000095
   1.08702  0.04771 -0.03036 -0.08145  0.000106  0.000048  0.000409
   1.09644  0.05694 -0.03226 -0.17327  0.000126  0.000056  0.000703
   1.10740  0.06774 -0.03413 -0.25593  0.000137  0.000061  0.000994
   1.11995  0.08017 -0.03589 -0.32973  0.000156  0.000068  0.001072
   1.13400  0.09412 -0.03750 -0.39388  0.000170  0.000075  0.001198
   1.14929  0.10935 -0.03889 -0.44914  0.000189  0.000082  0.001191
   1.16554  0.12556 -0.04004 -0.49585  0.000206  0.000090  0.001212
   1.18251  0.14250 -0.04095 -0.53556  0.000224  0.000097  0.001186
   1.19999  0.15997 -0.04162 -0.56913  0.000241  0.000104  0.001161
   1.21785  0.17782 -0.04207 -0.59787  0.000259  0.000111  0.001130
   1.23600  0.19597 -0.04234 -0.62261  0.000276  0.000118  0.001096
   1.25438  0.21435 -0.04244 -0.64407  0.000293  0.000125  0.001062
   1.27294  0.23292 -0.04239 -0.66288  0.000309  0.000132  0.001029
   1.29167  0.25164 -0.04220 -0.67957  0.000325  0.000138  0.000999
   1.31052  0.27049 -0.04191 -0.69438  0.000341  0.000145  0.000968
   1.32950  0.28946 -0.04152 -0.70774  0.000356  0.000151  0.000942
   1.34857  0.30853 -0.04105 -0.71994  0.000370  0.000157  0.000918
   1.36773  0.32768 -0.04050 -0.73113  0.000384  0.000163  0.000896
   1.38697  0.34691 -0.03990 -0.74154  0.000397  0.000168  0.000877
   1.40627  0.36620 -0.03925 -0.75137  0.000410  0.000173  0.000863
   1.42559  0.38551 -0.03856 -0.76085  0.000421  0.000178  0.000853
   1.44490  0.40480 -0.03785 -0.77089  0.000427  0.000182  0.000863
   1.46413  0.42402 -0.03708 -0.77982  0.000439  0.000187  0.000847
   1.48337  0.44324 -0.03625 -0.78774  0.000451  0.000191  0.000823
   1.50262  0.46247 -0.03537 -0.79488  0.000465  0.000196  0.000800
   1.52190  0.48173 -0.03443 -0.80165  0.000476  0.000201  0.000784
   1.54122  0.50103 -0.03344 -0.80776  0.000489  0.000206  0.000765
   1.56057  0.52035 -0.03242 -0.81373  0.000500  0.000210  0.000753
   1.57995  0.53970 -0.03135 -0.81933  0.000511  0.000214  0.000740
   1.59935  0.55907 -0.03026 -0.82476  0.000521  0.000219  0.000730
   1.61878  0.57847 -0.02913 -0.82981  0.000532  0.000223  0.000717
   1.63824  0.59788 -0.02798 -0.83482  0.000542  0.000227  0.000709
   1.65771  0.61732 -0.02681 -0.83972  0.000551  0.000231  0.000703
   1.67720  0.63677 -0.02562 -0.84435  0.000561  0.000235  0.000694
   1.69670  0.65624 -0.02441 -0.84904  0.000569  0.000239  0.000689
   1.71622  0.67572 -0.02318 -0.85357  0.000577  0.000242  0.000684
   1.73574  0.69521 -0.02195 -0.85809  0.000585  0.000246  0.000680
   1.75528  0.71470 -0.02070 -0.86263  0.000592  0.000249  0.000678
   1.77482  0.73421 -0.01944 -0.86702  0.000599  0.000252  0.000674
   1.79437  0.75371 -0.01817 -0.87165  0.000604  0.000255  0.000676
   1.81392  0.77322 -0.01689 -0.87610  0.000610  0.000258  0.000674
   1.83347  0.79273 -0.01560 -0.88068  0.000615  0.000261  0.000675
   1.85302  0.81224 -0.01431 -0.88535  0.000620  0.000263  0.000677
   1.87257  0.83174 -0.01300 -0.89010  0.000624  0.000265  0.000681
   1.89210  0.85122 -0.01169 -0.89487  0.000627  0.000268  0.000683
   1.91161  0.87069 -0.01037 -0.89993  0.000629  0.000269  0.000691
   1.93106  0.89010 -0.00905 -0.90514  0.000631  0.000271  0.000699
   1.95040  0.90939 -0.00772 -0.91063  0.000631  0.000272  0.000710
   1.96948  0.92843 -0.00639 -0.91654  0.000628  0.000273  0.000726
   1.98799  0.94689 -0.00509 -0.92260  0.000625  0.000273  0.000743
   2.00538  0.96423 -0.00386 -0.92918  0.000619  0.000272  0.000770
   2.02088  0.97969 -0.00274 -0.93673  0.000605  0.000270  0.000817
   2.03394  0.99272 -0.00179 -0.94264  0.000600  0.000269  0.000839
   2.04124  1.00000 -0.00126 -0.96579  0.000503  0.000247  0.001551
   2.04124  1.00010 -0.00001  0.96579  0.037705  0.009472  0.000000
   2.04854  1.00738 -0.00044  0.96459  0.037059  0.009543  0.000000
   2.05734  1.01618 -0.00081  0.96006  0.036098  0.009806  0.000000
   2.06795  1.02679 -0.00115  0.95342  0.034847  0.010191  0.000000
   2.08076  1.03959 -0.00143  0.94331  0.033289  0.010778  0.000000
   2.09621  1.05504 -0.00163  0.93648  0.031323  0.011173  0.000000
   2.11485  1.07368 -0.00171  0.93141  0.029041  0.011459  0.000000
   2.13734  1.09617 -0.00160  0.92831  0.026531  0.011629  0.000000
   2.16447  1.12330 -0.00122  0.92776  0.023927  0.011658  0.000000
   2.19720  1.15602 -0.00046  0.92995  0.021390  0.011550  0.000000
   2.23668  1.19548  0.00083  0.93449  0.019073  0.011340  0.000000
   2.28431  1.24306  0.00285  0.94058  0.017071  0.011077  0.000000
   2.34177  1.30045  0.00586  0.94731  0.015410  0.010805  0.000000
   2.41109  1.36963  0.01018  0.95402  0.014064  0.010550  0.000000
   2.49471  1.45303  0.01624  0.96032  0.012989  0.010324  0.000000
   2.59560  1.55357  0.02457  0.96605  0.012134  0.010128  0.000000
   2.71730  1.67475  0.03582  0.97116  0.011461  0.009959  0.000000
   2.86412  1.82080  0.05083  0.97566  0.010935  0.009816  0.000000
   3.04124  1.99682  0.07061  0.98044  0.010499  0.009669  0.000000
