          Principal:           79366.00
                APR:               4.25

                Term   Extra Mon. Payment    Base Mon. Payment         Mon. Payment  Base Total Interest       Total Interest  Total Interest Rate     Total Int. Saved
  17 years  8 months                 0.00               532.97               532.97             33623.36             33623.36                42.36                 0.00
  17 years  7 months                 1.70               532.97               534.67             33623.36             33448.42                42.14               174.93
  17 years  6 months                 3.41               532.97               536.38             33623.36             33273.65                41.92               349.71
  17 years  5 months                 5.14               532.97               538.11             33623.36             33099.03                41.70               524.33
  17 years  4 months                 6.89               532.97               539.86             33623.36             32924.56                41.48               698.80
  17 years  3 months                 8.66               532.97               541.62             33623.36             32750.26                41.26               873.10
  17 years  2 months                10.44               532.97               543.41             33623.36             32576.11                41.05              1047.25
  17 years  1 months                12.24               532.97               545.21             33623.36             32402.11                40.83              1221.24
  17 years  0 months                14.06               532.97               547.03             33623.36             32228.28                40.61              1395.08
  16 years 11 months                15.90               532.97               548.87             33623.36             32054.60                40.39              1568.76
  16 years 10 months                17.76               532.97               550.73             33623.36             31881.08                40.17              1742.28
  16 years  9 months                19.64               532.97               552.61             33623.36             31707.72                39.95              1915.64
  16 years  8 months                21.53               532.97               554.50             33623.36             31534.51                39.73              2088.85
  16 years  7 months                23.45               532.97               556.42             33623.36             31361.46                39.51              2261.90
  16 years  6 months                25.39               532.97               558.36             33623.36             31188.57                39.30              2434.79
  16 years  5 months                27.35               532.97               560.31             33623.36             31015.84                39.08              2607.52
  16 years  4 months                29.32               532.97               562.29             33623.36             30843.26                38.86              2780.09
  16 years  3 months                31.32               532.97               564.29             33623.36             30670.85                38.64              2952.51
  16 years  2 months                33.34               532.97               566.31             33623.36             30498.59                38.43              3124.77
  16 years  1 months                35.39               532.97               568.35             33623.36             30326.49                38.21              3296.87
  16 years  0 months                37.45               532.97               570.42             33623.36             30154.54                37.99              3468.81
  15 years 11 months                39.54               532.97               572.51             33623.36             29982.76                37.78              3640.60
  15 years 10 months                41.65               532.97               574.62             33623.36             29811.13                37.56              3812.22
  15 years  9 months                43.78               532.97               576.75             33623.36             29639.67                37.35              3983.69
  15 years  8 months                45.94               532.97               578.91             33623.36             29468.36                37.13              4155.00
  15 years  7 months                48.12               532.97               581.09             33623.36             29297.20                36.91              4326.15
  15 years  6 months                50.32               532.97               583.29             33623.36             29126.21                36.70              4497.15
  15 years  5 months                52.55               532.97               585.52             33623.36             28955.38                36.48              4667.98
  15 years  4 months                54.81               532.97               587.78             33623.36             28784.70                36.27              4838.66
  15 years  3 months                57.09               532.97               590.06             33623.36             28614.19                36.05              5009.17
  15 years  2 months                59.39               532.97               592.36             33623.36             28443.83                35.84              5179.53
  15 years  1 months                61.73               532.97               594.69             33623.36             28273.63                35.62              5349.73
  15 years  0 months                64.08               532.97               597.05             33623.36             28103.59                35.41              5519.77
  14 years 11 months                66.47               532.97               599.44             33623.36             27933.71                35.20              5689.65
  14 years 10 months                68.89               532.97               601.85             33623.36             27763.99                34.98              5859.37
  14 years  9 months                71.33               532.97               604.30             33623.36             27594.43                34.77              6028.93
  14 years  8 months                73.80               532.97               606.77             33623.36             27425.02                34.56              6198.33
  14 years  7 months                76.30               532.97               609.27             33623.36             27255.78                34.34              6367.58
  14 years  6 months                78.83               532.97               611.80             33623.36             27086.70                34.13              6536.66
  14 years  5 months                81.39               532.97               614.36             33623.36             26917.77                33.92              6705.59
  14 years  4 months                83.98               532.97               616.95             33623.36             26749.01                33.70              6874.35
  14 years  3 months                86.60               532.97               619.57             33623.36             26580.40                33.49              7042.96
  14 years  2 months                89.25               532.97               622.22             33623.36             26411.96                33.28              7211.40
  14 years  1 months                91.94               532.97               624.91             33623.36             26243.67                33.07              7379.69
  14 years  0 months                94.66               532.97               627.63             33623.36             26075.54                32.85              7547.81
  13 years 11 months                97.41               532.97               630.38             33623.36             25907.58                32.64              7715.78
  13 years 10 months               100.20               532.97               633.17             33623.36             25739.77                32.43              7883.59
  13 years  9 months               103.02               532.97               635.99             33623.36             25572.13                32.22              8051.23
  13 years  8 months               105.88               532.97               638.85             33623.36             25404.64                32.01              8218.72
  13 years  7 months               108.77               532.97               641.74             33623.36             25237.31                31.80              8386.05
  13 years  6 months               111.70               532.97               644.67             33623.36             25070.15                31.59              8553.21
  13 years  5 months               114.67               532.97               647.63             33623.36             24903.14                31.38              8720.22
  13 years  4 months               117.67               532.97               650.64             33623.36             24736.30                31.17              8887.06
  13 years  3 months               120.71               532.97               653.68             33623.36             24569.61                30.96              9053.75
  13 years  2 months               123.80               532.97               656.77             33623.36             24403.09                30.75              9220.27
  13 years  1 months               126.92               532.97               659.89             33623.36             24236.73                30.54              9386.63
  13 years  0 months               130.09               532.97               663.05             33623.36             24070.52                30.33              9552.84
  12 years 11 months               133.29               532.97               666.26             33623.36             23904.48                30.12              9718.88
  12 years 10 months               136.54               532.97               669.51             33623.36             23738.60                29.91              9884.76
  12 years  9 months               139.83               532.97               672.80             33623.36             23572.88                29.70             10050.48
  12 years  8 months               143.17               532.97               676.14             33623.36             23407.32                29.49             10216.04
  12 years  7 months               146.55               532.97               679.52             33623.36             23241.92                29.28             10381.44
  12 years  6 months               149.98               532.97               682.95             33623.36             23076.68                29.08             10546.68
  12 years  5 months               153.46               532.97               686.43             33623.36             22911.60                28.87             10711.75
  12 years  4 months               156.98               532.97               689.95             33623.36             22746.69                28.66             10876.67
  12 years  3 months               160.55               532.97               693.52             33623.36             22581.93                28.45             11041.42
  12 years  2 months               164.18               532.97               697.15             33623.36             22417.34                28.25             11206.02
  12 years  1 months               167.85               532.97               700.82             33623.36             22252.91                28.04             11370.45
  12 years  0 months               171.58               532.97               704.55             33623.36             22088.64                27.83             11534.72
  11 years 11 months               175.36               532.97               708.33             33623.36             21924.53                27.62             11698.83
  11 years 10 months               179.19               532.97               712.16             33623.36             21760.58                27.42             11862.78
  11 years  9 months               183.08               532.97               716.05             33623.36             21596.79                27.21             12026.56
  11 years  8 months               187.03               532.97               719.99             33623.36             21433.17                27.01             12190.19
  11 years  7 months               191.03               532.97               724.00             33623.36             21269.71                26.80             12353.65
  11 years  6 months               195.09               532.97               728.06             33623.36             21106.40                26.59             12516.95
  11 years  5 months               199.22               532.97               732.18             33623.36             20943.26                26.39             12680.09
  11 years  4 months               203.40               532.97               736.37             33623.36             20780.29                26.18             12843.07
  11 years  3 months               207.65               532.97               740.62             33623.36             20617.47                25.98             13005.89
  11 years  2 months               211.96               532.97               744.93             33623.36             20454.82                25.77             13168.54
  11 years  1 months               216.34               532.97               749.31             33623.36             20292.32                25.57             13331.03
  11 years  0 months               220.79               532.97               753.76             33623.36             20129.99                25.36             13493.36
  10 years 11 months               225.30               532.97               758.27             33623.36             19967.83                25.16             13655.53
  10 years 10 months               229.89               532.97               762.86             33623.36             19805.82                24.96             13817.54
  10 years  9 months               234.55               532.97               767.52             33623.36             19643.98                24.75             13979.38
  10 years  8 months               239.28               532.97               772.25             33623.36             19482.29                24.55             14141.06
  10 years  7 months               244.09               532.97               777.06             33623.36             19320.77                24.34             14302.58
  10 years  6 months               248.98               532.97               781.95             33623.36             19159.42                24.14             14463.94
  10 years  5 months               253.95               532.97               786.91             33623.36             18998.22                23.94             14625.14
  10 years  4 months               258.99               532.97               791.96             33623.36             18837.19                23.73             14786.17
  10 years  3 months               264.12               532.97               797.09             33623.36             18676.32                23.53             14947.04
  10 years  2 months               269.34               532.97               802.31             33623.36             18515.61                23.33             15107.74
  10 years  1 months               274.64               532.97               807.61             33623.36             18355.07                23.13             15268.29
  10 years  0 months               280.04               532.97               813.01             33623.36             18194.69                22.93             15428.67
   9 years 11 months               285.52               532.97               818.49             33623.36             18034.47                22.72             15588.89
   9 years 10 months               291.10               532.97               824.07             33623.36             17874.41                22.52             15748.95
   9 years  9 months               296.78               532.97               829.75             33623.36             17714.52                22.32             15908.84
   9 years  8 months               302.56               532.97               835.52             33623.36             17554.79                22.12             16068.57
   9 years  7 months               308.43               532.97               841.40             33623.36             17395.22                21.92             16228.14
   9 years  6 months               314.42               532.97               847.38             33623.36             17235.81                21.72             16387.55
   9 years  5 months               320.51               532.97               853.47             33623.36             17076.57                21.52             16546.79
   9 years  4 months               326.71               532.97               859.67             33623.36             16917.49                21.32             16705.87
   9 years  3 months               333.02               532.97               865.99             33623.36             16758.58                21.12             16864.78
   9 years  2 months               339.45               532.97               872.42             33623.36             16599.82                20.92             17023.54
   9 years  1 months               346.00               532.97               878.97             33623.36             16441.23                20.72             17182.13
   9 years  0 months               352.67               532.97               885.64             33623.36             16282.81                20.52             17340.55
   8 years 11 months               359.47               532.97               892.43             33623.36             16124.54                20.32             17498.82
   8 years 10 months               366.39               532.97               899.36             33623.36             15966.44                20.12             17656.92
   8 years  9 months               373.46               532.97               906.42             33623.36             15808.50                19.92             17814.85
   8 years  8 months               380.65               532.97               913.62             33623.36             15650.73                19.72             17972.63
   8 years  7 months               387.99               532.97               920.96             33623.36             15493.12                19.52             18130.24
   8 years  6 months               395.48               532.97               928.45             33623.36             15335.67                19.32             18287.68
   8 years  5 months               403.11               532.97               936.08             33623.36             15178.39                19.12             18444.97
   8 years  4 months               410.90               532.97               943.87             33623.36             15021.27                18.93             18602.09
   8 years  3 months               418.85               532.97               951.82             33623.36             14864.31                18.73             18759.04
   8 years  2 months               426.97               532.97               959.93             33623.36             14707.52                18.53             18915.84
   8 years  1 months               435.25               532.97               968.22             33623.36             14550.89                18.33             19072.46
   8 years  0 months               443.70               532.97               976.67             33623.36             14394.43                18.14             19228.93
   7 years 11 months               452.34               532.97               985.31             33623.36             14238.13                17.94             19385.23
   7 years 10 months               461.16               532.97               994.13             33623.36             14081.99                17.74             19541.37
   7 years  9 months               470.17               532.97              1003.14             33623.36             13926.02                17.55             19697.34
   7 years  8 months               479.38               532.97              1012.35             33623.36             13770.21                17.35             19853.15
   7 years  7 months               488.80               532.97              1021.76             33623.36             13614.56                17.15             20008.80
   7 years  6 months               498.42               532.97              1031.39             33623.36             13459.08                16.96             20164.28
   7 years  5 months               508.26               532.97              1041.23             33623.36             13303.76                16.76             20319.60
   7 years  4 months               518.33               532.97              1051.30             33623.36             13148.60                16.57             20474.75
   7 years  3 months               528.64               532.97              1061.60             33623.36             12993.61                16.37             20629.74
   7 years  2 months               539.18               532.97              1072.15             33623.36             12838.79                16.18             20784.57
   7 years  1 months               549.97               532.97              1082.94             33623.36             12684.13                15.98             20939.23
   7 years  0 months               561.03               532.97              1094.00             33623.36             12529.63                15.79             21093.73
   6 years 11 months               572.35               532.97              1105.32             33623.36             12375.29                15.59             21248.06
   6 years 10 months               583.95               532.97              1116.92             33623.36             12221.12                15.40             21402.23
   6 years  9 months               595.84               532.97              1128.80             33623.36             12067.12                15.20             21556.24
   6 years  8 months               608.02               532.97              1140.99             33623.36             11913.28                15.01             21710.08
   6 years  7 months               620.52               532.97              1153.49             33623.36             11759.60                14.82             21863.76
   6 years  6 months               633.34               532.97              1166.31             33623.36             11606.09                14.62             22017.27
   6 years  5 months               646.50               532.97              1179.46             33623.36             11452.74                14.43             22170.62
   6 years  4 months               660.00               532.97              1192.97             33623.36             11299.56                14.24             22323.80
   6 years  3 months               673.87               532.97              1206.83             33623.36             11146.54                14.04             22476.82
   6 years  2 months               688.11               532.97              1221.08             33623.36             10993.68                13.85             22629.67
   6 years  1 months               702.74               532.97              1235.71             33623.36             10840.99                13.66             22782.36
   6 years  0 months               717.79               532.97              1250.76             33623.36             10688.47                13.47             22934.89
   5 years 11 months               733.26               532.97              1266.23             33623.36             10536.11                13.28             23087.25
   5 years 10 months               749.17               532.97              1282.14             33623.36             10383.91                13.08             23239.45
   5 years  9 months               765.55               532.97              1298.52             33623.36             10231.88                12.89             23391.48
   5 years  8 months               782.41               532.97              1315.38             33623.36             10080.01                12.70             23543.35
   5 years  7 months               799.78               532.97              1332.75             33623.36              9928.31                12.51             23695.05
   5 years  6 months               817.68               532.97              1350.65             33623.36              9776.77                12.32             23846.59
   5 years  5 months               836.13               532.97              1369.10             33623.36              9625.40                12.13             23997.96
   5 years  4 months               855.16               532.97              1388.13             33623.36              9474.19                11.94             24149.17
   5 years  3 months               874.80               532.97              1407.76             33623.36              9323.15                11.75             24300.21
   5 years  2 months               895.07               532.97              1428.04             33623.36              9172.27                11.56             24451.09
   5 years  1 months               916.01               532.97              1448.98             33623.36              9021.55                11.37             24601.81
   5 years  0 months               937.65               532.97              1470.62             33623.36              8871.00                11.18             24752.35
   4 years 11 months               960.02               532.97              1492.99             33623.36              8720.62                10.99             24902.74
   4 years 10 months               983.18               532.97              1516.14             33623.36              8570.40                10.80             25052.96
   4 years  9 months              1007.14               532.97              1540.11             33623.36              8420.35                10.61             25203.01
   4 years  8 months              1031.97               532.97              1564.94             33623.36              8270.46                10.42             25352.90
   4 years  7 months              1057.70               532.97              1590.67             33623.36              8120.73                10.23             25502.63
   4 years  6 months              1084.39               532.97              1617.36             33623.36              7971.17                10.04             25652.19
   4 years  5 months              1112.08               532.97              1645.05             33623.36              7821.78                 9.86             25801.58
   4 years  4 months              1140.85               532.97              1673.82             33623.36              7672.55                 9.67             25950.81
   4 years  3 months              1170.75               532.97              1703.72             33623.36              7523.48                 9.48             26099.87
   4 years  2 months              1201.84               532.97              1734.81             33623.36              7374.58                 9.29             26248.77
   4 years  1 months              1234.21               532.97              1767.18             33623.36              7225.85                 9.10             26397.51
   4 years  0 months              1267.93               532.97              1800.90             33623.36              7077.28                 8.92             26546.08
   3 years 11 months              1303.09               532.97              1836.06             33623.36              6928.88                 8.73             26694.48
   3 years 10 months              1339.78               532.97              1872.75             33623.36              6780.64                 8.54             26842.72
   3 years  9 months              1378.11               532.97              1911.08             33623.36              6632.57                 8.36             26990.79
   3 years  8 months              1418.18               532.97              1951.15             33623.36              6484.66                 8.17             27138.70
   3 years  7 months              1460.12               532.97              1993.09             33623.36              6336.91                 7.98             27286.44
   3 years  6 months              1504.06               532.97              2037.03             33623.36              6189.34                 7.80             27434.02
   3 years  5 months              1550.15               532.97              2083.12             33623.36              6041.92                 7.61             27581.43
   3 years  4 months              1598.55               532.97              2131.52             33623.36              5894.68                 7.43             27728.68
   3 years  3 months              1649.43               532.97              2182.40             33623.36              5747.59                 7.24             27875.76
   3 years  2 months              1703.00               532.97              2235.97             33623.36              5600.68                 7.06             28022.68
   3 years  1 months              1759.46               532.97              2292.43             33623.36              5453.93                 6.87             28169.43
   3 years  0 months              1819.07               532.97              2352.04             33623.36              5307.34                 6.69             28316.02
