          Principal:          200000.00
                APR:               4.00

                Term   Extra Mon. Payment    Base Mon. Payment         Mon. Payment  Base Total Interest       Total Interest  Total Interest Rate     Total Int. Saved
  15 years  0 months                 0.00              1479.38              1479.38             66287.65             66287.65                33.14                 0.00
  14 years 11 months                 6.04              1479.38              1485.41             66287.65             65888.73                32.94               398.92
  14 years 10 months                12.14              1479.38              1491.52             66287.65             65490.16                32.75               797.49
  14 years  9 months                18.32              1479.38              1497.69             66287.65             65091.95                32.55              1195.70
  14 years  8 months                24.57              1479.38              1503.94             66287.65             64694.10                32.35              1593.56
  14 years  7 months                30.89              1479.38              1510.27             66287.65             64296.60                32.15              1991.05
  14 years  6 months                37.29              1479.38              1516.66             66287.65             63899.46                31.95              2388.19
  14 years  5 months                43.76              1479.38              1523.14             66287.65             63502.68                31.75              2784.97
  14 years  4 months                50.31              1479.38              1529.69             66287.65             63106.26                31.55              3181.40
  14 years  3 months                56.94              1479.38              1536.32             66287.65             62710.19                31.36              3577.46
  14 years  2 months                63.65              1479.38              1543.03             66287.65             62314.48                31.16              3973.17
  14 years  1 months                70.44              1479.38              1549.82             66287.65             61919.13                30.96              4368.52
  14 years  0 months                77.32              1479.38              1556.69             66287.65             61524.14                30.76              4763.51
  13 years 11 months                84.27              1479.38              1563.65             66287.65             61129.51                30.56              5158.14
  13 years 10 months                91.32              1479.38              1570.69             66287.65             60735.23                30.37              5552.42
  13 years  9 months                98.45              1479.38              1577.83             66287.65             60341.32                30.17              5946.33
  13 years  8 months               105.67              1479.38              1585.05             66287.65             59947.76                29.97              6339.89
  13 years  7 months               112.98              1479.38              1592.36             66287.65             59554.56                29.78              6733.09
  13 years  6 months               120.39              1479.38              1599.76             66287.65             59161.73                29.58              7125.93
  13 years  5 months               127.89              1479.38              1607.26             66287.65             58769.25                29.38              7518.41
  13 years  4 months               135.48              1479.38              1614.86             66287.65             58377.13                29.19              7910.53
  13 years  3 months               143.17              1479.38              1622.55             66287.65             57985.37                28.99              8302.29
  13 years  2 months               150.97              1479.38              1630.34             66287.65             57593.96                28.80              8693.69
  13 years  1 months               158.86              1479.38              1638.24             66287.65             57202.92                28.60              9084.73
  13 years  0 months               166.86              1479.38              1646.23             66287.65             56812.24                28.41              9475.41
  12 years 11 months               174.96              1479.38              1654.33             66287.65             56421.92                28.21              9865.73
  12 years 10 months               183.17              1479.38              1662.55             66287.65             56031.96                28.02             10255.70
  12 years  9 months               191.49              1479.38              1670.87             66287.65             55642.36                27.82             10645.30
  12 years  8 months               199.92              1479.38              1679.30             66287.65             55253.11                27.63             11034.54
  12 years  7 months               208.47              1479.38              1687.84             66287.65             54864.23                27.43             11423.42
  12 years  6 months               217.13              1479.38              1696.50             66287.65             54475.71                27.24             11811.94
  12 years  5 months               225.91              1479.38              1705.29             66287.65             54087.55                27.04             12200.10
  12 years  4 months               234.81              1479.38              1714.19             66287.65             53699.75                26.85             12587.90
  12 years  3 months               243.84              1479.38              1723.21             66287.65             53312.32                26.66             12975.34
  12 years  2 months               252.99              1479.38              1732.36             66287.65             52925.24                26.46             13362.41
  12 years  1 months               262.27              1479.38              1741.64             66287.65             52538.52                26.27             13749.13
  12 years  0 months               271.68              1479.38              1751.06             66287.65             52152.17                26.08             14135.48
  11 years 11 months               281.23              1479.38              1760.60             66287.65             51766.18                25.88             14521.48
  11 years 10 months               290.91              1479.38              1770.29             66287.65             51380.55                25.69             14907.11
  11 years  9 months               300.73              1479.38              1780.11             66287.65             50995.28                25.50             15292.38
  11 years  8 months               310.70              1479.38              1790.07             66287.65             50610.37                25.31             15677.29
  11 years  7 months               320.81              1479.38              1800.19             66287.65             50225.82                25.11             16061.83
  11 years  6 months               331.07              1479.38              1810.45             66287.65             49841.64                24.92             16446.02
  11 years  5 months               341.48              1479.38              1820.86             66287.65             49457.81                24.73             16829.84
  11 years  4 months               352.05              1479.38              1831.43             66287.65             49074.35                24.54             17213.30
  11 years  3 months               362.78              1479.38              1842.16             66287.65             48691.26                24.35             17596.40
  11 years  2 months               373.67              1479.38              1853.05             66287.65             48308.52                24.15             17979.13
  11 years  1 months               384.73              1479.38              1864.11             66287.65             47926.15                23.96             18361.51
  11 years  0 months               395.96              1479.38              1875.33             66287.65             47544.14                23.77             18743.52
  10 years 11 months               407.36              1479.38              1886.74             66287.65             47162.49                23.58             19125.16
  10 years 10 months               418.94              1479.38              1898.32             66287.65             46781.20                23.39             19506.45
  10 years  9 months               430.70              1479.38              1910.08             66287.65             46400.28                23.20             19887.37
  10 years  8 months               442.65              1479.38              1922.03             66287.65             46019.72                23.01             20267.93
  10 years  7 months               454.79              1479.38              1934.17             66287.65             45639.53                22.82             20648.13
  10 years  6 months               467.13              1479.38              1946.51             66287.65             45259.69                22.63             21027.96
  10 years  5 months               479.67              1479.38              1959.04             66287.65             44880.23                22.44             21407.43
  10 years  4 months               492.41              1479.38              1971.78             66287.65             44501.12                22.25             21786.53
  10 years  3 months               505.36              1479.38              1984.73             66287.65             44122.38                22.06             22165.28
  10 years  2 months               518.53              1479.38              1997.90             66287.65             43744.00                21.87             22543.66
  10 years  1 months               531.91              1479.38              2011.29             66287.65             43365.98                21.68             22921.67
  10 years  0 months               545.53              1479.38              2024.90             66287.65             42988.33                21.49             23299.32
   9 years 11 months               559.37              1479.38              2038.75             66287.65             42611.04                21.31             23676.61
   9 years 10 months               573.46              1479.38              2052.83             66287.65             42234.12                21.12             24053.53
   9 years  9 months               587.78              1479.38              2067.16             66287.65             41857.56                20.93             24430.09
   9 years  8 months               602.36              1479.38              2081.74             66287.65             41481.37                20.74             24806.29
   9 years  7 months               617.19              1479.38              2096.57             66287.65             41105.54                20.55             25182.12
   9 years  6 months               632.29              1479.38              2111.67             66287.65             40730.07                20.37             25557.58
   9 years  5 months               647.66              1479.38              2127.04             66287.65             40354.97                20.18             25932.69
   9 years  4 months               663.30              1479.38              2142.68             66287.65             39980.23                19.99             26307.42
   9 years  3 months               679.24              1479.38              2158.61             66287.65             39605.86                19.80             26681.80
   9 years  2 months               695.46              1479.38              2174.83             66287.65             39231.85                19.62             27055.80
   9 years  1 months               711.98              1479.38              2191.36             66287.65             38858.21                19.43             27429.45
   9 years  0 months               728.82              1479.38              2208.19             66287.65             38484.93                19.24             27802.72
   8 years 11 months               745.97              1479.38              2225.35             66287.65             38112.02                19.06             28175.64
   8 years 10 months               763.45              1479.38              2242.83             66287.65             37739.47                18.87             28548.19
   8 years  9 months               781.26              1479.38              2260.64             66287.65             37367.28                18.68             28920.37
   8 years  8 months               799.43              1479.38              2278.80             66287.65             36995.47                18.50             29292.19
   8 years  7 months               817.94              1479.38              2297.32             66287.65             36624.01                18.31             29663.64
   8 years  6 months               836.83              1479.38              2316.21             66287.65             36252.93                18.13             30034.73
   8 years  5 months               856.09              1479.38              2335.47             66287.65             35882.21                17.94             30405.45
   8 years  4 months               875.74              1479.38              2355.12             66287.65             35511.85                17.76             30775.80
   8 years  3 months               895.79              1479.38              2375.17             66287.65             35141.86                17.57             31145.79
   8 years  2 months               916.26              1479.38              2395.64             66287.65             34772.24                17.39             31515.42
   8 years  1 months               937.15              1479.38              2416.53             66287.65             34402.98                17.20             31884.67
   8 years  0 months               958.48              1479.38              2437.86             66287.65             34034.09                17.02             32253.57
   7 years 11 months               980.26              1479.38              2459.64             66287.65             33665.56                16.83             32622.09
   7 years 10 months              1002.51              1479.38              2481.89             66287.65             33297.40                16.65             32990.25
   7 years  9 months              1025.24              1479.38              2504.62             66287.65             32929.60                16.46             33358.05
   7 years  8 months              1048.47              1479.38              2527.85             66287.65             32562.18                16.28             33725.48
   7 years  7 months              1072.22              1479.38              2551.59             66287.65             32195.12                16.10             34092.54
   7 years  6 months              1096.50              1479.38              2575.87             66287.65             31828.42                15.91             34459.23
   7 years  5 months              1121.32              1479.38              2600.70             66287.65             31462.09                15.73             34825.56
   7 years  4 months              1146.72              1479.38              2626.09             66287.65             31096.13                15.55             35191.52
   7 years  3 months              1172.70              1479.38              2652.08             66287.65             30730.53                15.37             35557.12
   7 years  2 months              1199.29              1479.38              2678.67             66287.65             30365.30                15.18             35922.35
   7 years  1 months              1226.51              1479.38              2705.89             66287.65             30000.44                15.00             36287.21
   7 years  0 months              1254.39              1479.38              2733.76             66287.65             29635.95                14.82             36651.71
   6 years 11 months              1282.94              1479.38              2762.31             66287.65             29271.82                14.64             37015.84
   6 years 10 months              1312.19              1479.38              2791.56             66287.65             28908.06                14.45             37379.60
   6 years  9 months              1342.16              1479.38              2821.54             66287.65             28544.66                14.27             37742.99
   6 years  8 months              1372.89              1479.38              2852.27             66287.65             28181.63                14.09             38106.02
   6 years  7 months              1404.41              1479.38              2883.78             66287.65             27818.97                13.91             38468.68
   6 years  6 months              1436.74              1479.38              2916.11             66287.65             27456.68                13.73             38830.97
   6 years  5 months              1469.91              1479.38              2949.28             66287.65             27094.75                13.55             39192.90
   6 years  4 months              1503.96              1479.38              2983.33             66287.65             26733.20                13.37             39554.46
   6 years  3 months              1538.92              1479.38              3018.29             66287.65             26372.00                13.19             39915.65
   6 years  2 months              1574.83              1479.38              3054.21             66287.65             26011.18                13.01             40276.47
   6 years  1 months              1611.73              1479.38              3091.11             66287.65             25650.72                12.83             40636.93
   6 years  0 months              1649.66              1479.38              3129.04             66287.65             25290.64                12.65             40997.02
   5 years 11 months              1688.67              1479.38              3168.04             66287.65             24930.92                12.47             41356.74
   5 years 10 months              1728.79              1479.38              3208.17             66287.65             24571.56                12.29             41716.09
   5 years  9 months              1770.08              1479.38              3249.46             66287.65             24212.58                12.11             42075.08
   5 years  8 months              1812.59              1479.38              3291.97             66287.65             23853.96                11.93             42433.69
   5 years  7 months              1856.38              1479.38              3335.76             66287.65             23495.71                11.75             42791.94
   5 years  6 months              1901.50              1479.38              3380.88             66287.65             23137.83                11.57             43149.83
   5 years  5 months              1948.01              1479.38              3427.39             66287.65             22780.31                11.39             43507.34
   5 years  4 months              1995.99              1479.38              3475.36             66287.65             22423.17                11.21             43864.49
   5 years  3 months              2045.49              1479.38              3524.86             66287.65             22066.39                11.03             44221.26
   5 years  2 months              2096.59              1479.38              3575.97             66287.65             21709.98                10.85             44577.67
   5 years  1 months              2149.38              1479.38              3628.75             66287.65             21353.94                10.68             44933.72
   5 years  0 months              2203.93              1479.38              3683.30             66287.65             20998.26                10.50             45289.39
   4 years 11 months              2260.34              1479.38              3739.71             66287.65             20642.96                10.32             45644.69
   4 years 10 months              2318.69              1479.38              3798.07             66287.65             20288.02                10.14             45999.63
   4 years  9 months              2379.11              1479.38              3858.48             66287.65             19933.45                 9.97             46354.20
   4 years  8 months              2441.68              1479.38              3921.06             66287.65             19579.25                 9.79             46708.40
   4 years  7 months              2506.54              1479.38              3985.92             66287.65             19225.42                 9.61             47062.23
   4 years  6 months              2573.81              1479.38              4053.18             66287.65             18871.96                 9.44             47415.69
   4 years  5 months              2643.62              1479.38              4123.00             66287.65             18518.87                 9.26             47768.79
   4 years  4 months              2716.13              1479.38              4195.50             66287.65             18166.14                 9.08             48121.51
   4 years  3 months              2791.48              1479.38              4270.86             66287.65             17813.78                 8.91             48473.87
   4 years  2 months              2869.86              1479.38              4349.24             66287.65             17461.80                 8.73             48825.86
   4 years  1 months              2951.44              1479.38              4430.82             66287.65             17110.18                 8.56             49177.48
   4 years  0 months              3036.44              1479.38              4515.81             66287.65             16758.92                 8.38             49528.73
   3 years 11 months              3125.05              1479.38              4604.43             66287.65             16408.04                 8.20             49879.61
   3 years 10 months              3217.53              1479.38              4696.90             66287.65             16057.53                 8.03             50230.12
   3 years  9 months              3314.12              1479.38              4793.50             66287.65             15707.38                 7.85             50580.27
   3 years  8 months              3415.12              1479.38              4894.49             66287.65             15357.61                 7.68             50930.04
   3 years  7 months              3520.81              1479.38              5000.19             66287.65             15008.20                 7.50             51279.45
   3 years  6 months              3631.56              1479.38              5110.93             66287.65             14659.17                 7.33             51628.49
   3 years  5 months              3747.71              1479.38              5227.09             66287.65             14310.50                 7.16             51977.16
   3 years  4 months              3869.68              1479.38              5349.05             66287.65             13962.20                 6.98             52325.46
   3 years  3 months              3997.91              1479.38              5477.29             66287.65             13614.27                 6.81             52673.39
   3 years  2 months              4132.91              1479.38              5612.28             66287.65             13266.71                 6.63             53020.95
   3 years  1 months              4275.21              1479.38              5754.58             66287.65             12919.51                 6.46             53368.14
   3 years  0 months              4425.42              1479.38              5904.80             66287.65             12572.69                 6.29             53714.96
