          Principal:           87266.00
                APR:               4.25

                Term   Extra Mon. Payment    Base Mon. Payment         Mon. Payment  Base Total Interest       Total Interest  Total Interest Rate     Total Int. Saved
  21 years  0 months                 0.00               524.09               524.09             44804.27             44804.27                51.34                 0.00
  20 years  8 months                 5.24               524.09               529.33             44804.27             44008.64                50.43               795.63
  20 years  4 months                10.67               524.09               534.76             44804.27             43215.70                49.52              1588.57
  20 years  0 months                16.29               524.09               540.38             44804.27             42425.48                48.62              2378.80
  19 years  8 months                22.11               524.09               546.20             44804.27             41637.96                47.71              3166.31
  19 years  4 months                28.15               524.09               552.24             44804.27             40853.17                46.81              3951.11
  19 years  0 months                34.41               524.09               558.50             44804.27             40071.09                45.92              4733.18
  18 years  8 months                40.90               524.09               564.99             44804.27             39291.76                45.03              5512.52
  18 years  4 months                47.64               524.09               571.73             44804.27             38515.15                44.14              6289.12
  18 years  0 months                54.65               524.09               578.74             44804.27             37741.30                43.25              7062.98
  17 years  8 months                61.93               524.09               586.02             44804.27             36970.19                42.36              7834.08
  17 years  4 months                69.51               524.09               593.60             44804.27             36201.84                41.48              8602.44
  17 years  0 months                77.39               524.09               601.48             44804.27             35436.24                40.61              9368.03
  16 years  8 months                85.61               524.09               609.70             44804.27             34673.42                39.73             10130.85
  16 years  4 months                94.17               524.09               618.26             44804.27             33913.37                38.86             10890.90
  16 years  0 months               103.11               524.09               627.20             44804.27             33156.09                37.99             11648.18
  15 years  8 months               112.44               524.09               636.53             44804.27             32401.60                37.13             12402.67
  15 years  4 months               122.19               524.09               646.28             44804.27             31649.90                36.27             13154.37
  15 years  0 months               132.39               524.09               656.48             44804.27             30900.99                35.41             13903.28
  14 years  8 months               143.08               524.09               667.16             44804.27             30154.88                34.56             14649.39
  14 years  4 months               154.27               524.09               678.36             44804.27             29411.57                33.70             15392.70
  14 years  0 months               166.01               524.09               690.10             44804.27             28671.07                32.85             16133.20
  13 years  8 months               178.35               524.09               702.44             44804.27             27933.39                32.01             16870.88
  13 years  4 months               191.31               524.09               715.40             44804.27             27198.52                31.17             17605.75
  13 years  0 months               204.97               524.09               729.05             44804.27             26466.47                30.33             18337.80
  12 years  8 months               219.35               524.09               743.44             44804.27             25737.26                29.49             19067.02
  12 years  4 months               234.54               524.09               758.63             44804.27             25010.87                28.66             19793.40
  12 years  0 months               250.59               524.09               774.68             44804.27             24287.32                27.83             20516.96
  11 years  8 months               267.57               524.09               791.66             44804.27             23566.60                27.01             21237.67
  11 years  4 months               285.58               524.09               809.67             44804.27             22848.73                26.18             21955.54
  11 years  0 months               304.70               524.09               828.79             44804.27             22133.71                25.36             22670.56
  10 years  8 months               325.03               524.09               849.12             44804.27             21421.54                24.55             23382.73
  10 years  4 months               346.70               524.09               870.79             44804.27             20712.22                23.73             24092.05
  10 years  0 months               369.84               524.09               893.93             44804.27             20005.77                22.93             24798.51
   9 years  8 months               394.60               524.09               918.69             44804.27             19302.17                22.12             25502.10
   9 years  4 months               421.16               524.09               945.24             44804.27             18601.44                21.32             26202.83
   9 years  0 months               449.70               524.09               973.79             44804.27             17903.58                20.52             26900.70
   8 years  8 months               480.47               524.09              1004.56             44804.27             17208.59                19.72             27595.69
   8 years  4 months               513.74               524.09              1037.82             44804.27             16516.47                18.93             28287.80
   8 years  0 months               549.80               524.09              1073.89             44804.27             15827.23                18.14             28977.04
   7 years  8 months               589.03               524.09              1113.12             44804.27             15140.88                17.35             29663.40
   7 years  4 months               631.86               524.09              1155.95             44804.27             14457.40                16.57             30346.87
   7 years  0 months               678.80               524.09              1202.89             44804.27             13776.81                15.79             31027.46
   6 years  8 months               730.48               524.09              1254.56             44804.27             13099.11                15.01             31705.16
   6 years  4 months               787.63               524.09              1311.71             44804.27             12424.30                14.24             32379.97
   6 years  0 months               851.17               524.09              1375.26             44804.27             11752.39                13.47             33051.89
   5 years  8 months               922.23               524.09              1446.31             44804.27             11083.36                12.70             33720.91
   5 years  4 months              1002.21               524.09              1526.30             44804.27             10417.24                11.94             34387.03
   5 years  0 months              1092.91               524.09              1617.00             44804.27              9754.01                11.18             35050.26
   4 years  8 months              1196.62               524.09              1720.71             44804.27              9093.69                10.42             35710.58
   4 years  4 months              1316.34               524.09              1840.43             44804.27              8436.27                 9.67             36368.01
   4 years  0 months              1456.07               524.09              1980.16             44804.27              7781.75                 8.92             37022.53
   3 years  8 months              1621.28               524.09              2145.37             44804.27              7130.13                 8.17             37674.14
   3 years  4 months              1819.60               524.09              2343.69             44804.27              6481.43                 7.43             38322.85
   3 years  0 months              2062.07               524.09              2586.16             44804.27              5835.63                 6.69             38968.64
