Chord Name:        dominant 7
Intervals:         1  3  5 b7
Chromatic Notes:   1  5  8 11
Adjacent Ints:     4  3  3  2

inv 0
    |    |  b7|    |   1|    |    |    |   3|    |    |       |   3|    |    |   5|    |    |  b7|    |   1|    |     b7|    |   1|    |    |    |   3|    |    |   5|    |
    |   3|    |    |   5|    |    |  b7|    |   1|    |     b7|    |   1|    |    |    |   3|    |    |   5|    |       |    |   5|    |    |  b7|    |   1|    |    |    |
    |   1|    |    |    |   3|    |    |   5|    |    |       |   5|    |    |  b7|    |   1|    |    |    |   3|       |    |    |   3|    |    |   5|    |    |  b7|    |
    |   5|    |    |  b7|    |   1|    |    |    |   3|       |    |    |   3|    |    |   5|    |    |  b7|    |       |    |    |    |   1|    |    |    |   3|    |    |
    |    |    |   3|    |    |   5|    |    |  b7|    |       |    |    |    |   1|    |    |    |   3|    |    |       |    |    |    |    |    |    |    |    |    |    |
    |    |    |    |   1|    |    |    |   3|    |    |       |    |    |    |    |    |    |    |    |    |    |       |    |    |    |    |    |    |    |    |    |    |
    1    2    3    4    5    6    7    8    9   10   11       1    2    3    4    5    6    7    8    9   10   11       1    2    3    4    5    6    7    8    9   10   11
inv 1
   1|    |    |    |   3|    |    |   5|    |    |  b7|      5|    |    |  b7|    |   1|    |    |    |   3|    |       |    |   3|    |    |   5|    |    |  b7|    |   1|
   5|    |    |  b7|    |   1|    |    |    |   3|    |       |    |   3|    |    |   5|    |    |  b7|    |   1|       |  b7|    |   1|    |    |    |   3|    |    |   5|
    |   3|    |    |   5|    |    |  b7|    |   1|    |     b7|    |   1|    |    |    |   3|    |    |   5|    |       |    |   5|    |    |  b7|    |   1|    |    |    |
  b7|    |   1|    |    |    |   3|    |    |   5|    |       |    |   5|    |    |  b7|    |   1|    |    |    |       |    |    |    |   3|    |    |   5|    |    |  b7|
    |    |   5|    |    |  b7|    |   1|    |    |    |       |    |    |    |   3|    |    |   5|    |    |  b7|       |    |    |    |    |    |    |    |    |    |    |
    |    |    |    |   3|    |    |   5|    |    |  b7|       |    |    |    |    |    |    |    |    |    |    |       |    |    |    |    |    |    |    |    |    |    |
    1    2    3    4    5    6    7    8    9   10   11       1    2    3    4    5    6    7    8    9   10   11       1    2    3    4    5    6    7    8    9   10   11
inv 2
    |   3|    |    |   5|    |    |  b7|    |   1|    |     b7|    |   1|    |    |    |   3|    |    |   5|    |       |    |   5|    |    |  b7|    |   1|    |    |    |
  b7|    |   1|    |    |    |   3|    |    |   5|    |       |    |   5|    |    |  b7|    |   1|    |    |    |      1|    |    |    |   3|    |    |   5|    |    |  b7|
    |   5|    |    |  b7|    |   1|    |    |    |   3|       |    |    |   3|    |    |   5|    |    |  b7|    |       |    |  b7|    |   1|    |    |    |   3|    |    |
    |    |    |   3|    |    |   5|    |    |  b7|    |       |    |  b7|    |   1|    |    |    |   3|    |    |       |    |    |    |   5|    |    |  b7|    |   1|    |
    |    |  b7|    |   1|    |    |    |   3|    |    |       |    |    |    |   5|    |    |  b7|    |   1|    |       |    |    |    |    |    |    |    |    |    |    |
    |    |    |    |   5|    |    |  b7|    |   1|    |       |    |    |    |    |    |    |    |    |    |    |       |    |    |    |    |    |    |    |    |    |    |
    1    2    3    4    5    6    7    8    9   10   11       1    2    3    4    5    6    7    8    9   10   11       1    2    3    4    5    6    7    8    9   10   11
inv 3
    |   5|    |    |  b7|    |   1|    |    |    |   3|       |    |    |   3|    |    |   5|    |    |  b7|    |       |    |  b7|    |   1|    |    |    |   3|    |    |
    |    |    |   3|    |    |   5|    |    |  b7|    |       |    |  b7|    |   1|    |    |    |   3|    |    |       |   3|    |    |   5|    |    |  b7|    |   1|    |
    |  b7|    |   1|    |    |    |   3|    |    |   5|      3|    |    |   5|    |    |  b7|    |   1|    |    |       |   1|    |    |    |   3|    |    |   5|    |    |
   3|    |    |   5|    |    |  b7|    |   1|    |    |       |   1|    |    |    |   3|    |    |   5|    |    |       |    |    |    |  b7|    |   1|    |    |    |   3|
    |   1|    |    |    |   3|    |    |   5|    |    |       |    |    |    |  b7|    |   1|    |    |    |   3|       |    |    |    |    |    |    |    |    |    |    |
    |    |    |    |  b7|    |   1|    |    |    |   3|       |    |    |    |    |    |    |    |    |    |    |       |    |    |    |    |    |    |    |    |    |    |
    1    2    3    4    5    6    7    8    9   10   11       1    2    3    4    5    6    7    8    9   10   11       1    2    3    4    5    6    7    8    9   10   11
