Chord Name:        major
Intervals:         1  3  5
Chromatic Notes:   1  5  8
Adjacent Ints:     4  3  5

inv 1
    |    |    |    |   1|    |    |    |   3|    |    |       |   3|    |    |   5|    |    |    |    |   1|    |       |    |   1|    |    |    |   3|    |    |   5|    |   
    |   3|    |    |   5|    |    |    |    |   1|    |       |    |   1|    |    |    |   3|    |    |   5|    |       |    |   5|    |    |    |    |   1|    |    |    |   
    |   1|    |    |    |   3|    |    |   5|    |    |       |   5|    |    |    |    |   1|    |    |    |   3|       |    |    |   3|    |    |   5|    |    |    |    |   
    |   5|    |    |    |    |   1|    |    |    |   3|       |    |    |   3|    |    |   5|    |    |    |    |       |    |    |    |   1|    |    |    |   3|    |    |   
    |    |    |   3|    |    |   5|    |    |    |    |       |    |    |    |   1|    |    |    |   3|    |    |       |    |    |    |    |    |    |    |    |    |    |   
    |    |    |    |   1|    |    |    |   3|    |    |       |    |    |    |    |    |    |    |    |    |    |       |    |    |    |    |    |    |    |    |    |    |   
    1    2    3    4    5    6    7    8    9   10   11       1    2    3    4    5    6    7    8    9   10   11       1    2    3    4    5    6    7    8    9   10   11   
inv 2
   1|    |    |    |   3|    |    |   5|    |    |    |      5|    |    |    |    |   1|    |    |    |   3|    |       |    |   3|    |    |   5|    |    |    |    |   1|   
   5|    |    |    |    |   1|    |    |    |   3|    |       |    |   3|    |    |   5|    |    |    |    |   1|       |    |    |   1|    |    |    |   3|    |    |   5|   
    |   3|    |    |   5|    |    |    |    |   1|    |       |    |   1|    |    |    |   3|    |    |   5|    |       |    |   5|    |    |    |    |   1|    |    |    |   
    |    |   1|    |    |    |   3|    |    |   5|    |       |    |   5|    |    |    |    |   1|    |    |    |       |    |    |    |   3|    |    |   5|    |    |    |   
    |    |   5|    |    |    |    |   1|    |    |    |       |    |    |    |   3|    |    |   5|    |    |    |       |    |    |    |    |    |    |    |    |    |    |   
    |    |    |    |   3|    |    |   5|    |    |    |       |    |    |    |    |    |    |    |    |    |    |       |    |    |    |    |    |    |    |    |    |    |   
    1    2    3    4    5    6    7    8    9   10   11       1    2    3    4    5    6    7    8    9   10   11       1    2    3    4    5    6    7    8    9   10   11   
inv 3
    |   3|    |    |   5|    |    |    |    |   1|    |       |    |   1|    |    |    |   3|    |    |   5|    |       |    |   5|    |    |    |    |   1|    |    |    |   
    |    |   1|    |    |    |   3|    |    |   5|    |       |    |   5|    |    |    |    |   1|    |    |    |      1|    |    |    |   3|    |    |   5|    |    |    |   
    |   5|    |    |    |    |   1|    |    |    |   3|       |    |    |   3|    |    |   5|    |    |    |    |       |    |    |    |   1|    |    |    |   3|    |    |   
    |    |    |   3|    |    |   5|    |    |    |    |       |    |    |    |   1|    |    |    |   3|    |    |       |    |    |    |   5|    |    |    |    |   1|    |   
    |    |    |    |   1|    |    |    |   3|    |    |       |    |    |    |   5|    |    |    |    |   1|    |       |    |    |    |    |    |    |    |    |    |    |   
    |    |    |    |   5|    |    |    |    |   1|    |       |    |    |    |    |    |    |    |    |    |    |       |    |    |    |    |    |    |    |    |    |    |   
    1    2    3    4    5    6    7    8    9   10   11       1    2    3    4    5    6    7    8    9   10   11       1    2    3    4    5    6    7    8    9   10   11   
