Chord Name:        minor
Intervals:         1 b3  5
Chromatic Notes:   1  4  8
Adjacent Ints:     3  4  5

inv 1
    |    |    |    |   1|    |    |  b3|    |    |    |     b3|    |    |    |   5|    |    |    |    |   1|    |       |    |   1|    |    |  b3|    |    |    |   5|    |   
  b3|    |    |    |   5|    |    |    |    |   1|    |       |    |   1|    |    |  b3|    |    |    |   5|    |       |    |   5|    |    |    |    |   1|    |    |  b3|   
    |   1|    |    |  b3|    |    |    |   5|    |    |       |   5|    |    |    |    |   1|    |    |  b3|    |       |    |  b3|    |    |    |   5|    |    |    |    |   
    |   5|    |    |    |    |   1|    |    |  b3|    |       |    |  b3|    |    |    |   5|    |    |    |    |       |    |    |    |   1|    |    |  b3|    |    |    |   
    |    |  b3|    |    |    |   5|    |    |    |    |       |    |    |    |   1|    |    |  b3|    |    |    |       |    |    |    |    |    |    |    |    |    |    |   
    |    |    |    |   1|    |    |  b3|    |    |    |       |    |    |    |    |    |    |    |    |    |    |       |    |    |    |    |    |    |    |    |    |    |   
    1    2    3    4    5    6    7    8    9   10   11       1    2    3    4    5    6    7    8    9   10   11       1    2    3    4    5    6    7    8    9   10   11   
inv 2
    |   1|    |    |  b3|    |    |    |   5|    |    |       |   5|    |    |    |    |   1|    |    |  b3|    |       |    |  b3|    |    |    |   5|    |    |    |    |   
    |   5|    |    |    |    |   1|    |    |  b3|    |       |    |  b3|    |    |    |   5|    |    |    |    |       |    |    |    |   1|    |    |  b3|    |    |    |   
    |  b3|    |    |    |   5|    |    |    |    |   1|       |    |    |   1|    |    |  b3|    |    |    |   5|       |    |    |   5|    |    |    |    |   1|    |    |   
    |    |    |   1|    |    |  b3|    |    |    |   5|       |    |    |   5|    |    |    |    |   1|    |    |       |    |    |    |  b3|    |    |    |   5|    |    |   
    |    |    |   5|    |    |    |    |   1|    |    |       |    |    |    |  b3|    |    |    |   5|    |    |       |    |    |    |    |    |    |    |    |    |    |   
    |    |    |    |  b3|    |    |    |   5|    |    |       |    |    |    |    |    |    |    |    |    |    |       |    |    |    |    |    |    |    |    |    |    |   
    1    2    3    4    5    6    7    8    9   10   11       1    2    3    4    5    6    7    8    9   10   11       1    2    3    4    5    6    7    8    9   10   11   
inv 3
  b3|    |    |    |   5|    |    |    |    |   1|    |       |    |   1|    |    |  b3|    |    |    |   5|    |       |    |   5|    |    |    |    |   1|    |    |  b3|   
    |    |   1|    |    |  b3|    |    |    |   5|    |       |    |   5|    |    |    |    |   1|    |    |  b3|      1|    |    |  b3|    |    |    |   5|    |    |    |   
    |   5|    |    |    |    |   1|    |    |  b3|    |       |    |  b3|    |    |    |   5|    |    |    |    |       |    |    |    |   1|    |    |  b3|    |    |    |   
    |    |  b3|    |    |    |   5|    |    |    |    |       |    |    |    |   1|    |    |  b3|    |    |    |       |    |    |    |   5|    |    |    |    |   1|    |   
    |    |    |    |   1|    |    |  b3|    |    |    |       |    |    |    |   5|    |    |    |    |   1|    |       |    |    |    |    |    |    |    |    |    |    |   
    |    |    |    |   5|    |    |    |    |   1|    |       |    |    |    |    |    |    |    |    |    |    |       |    |    |    |    |    |    |    |    |    |    |   
    1    2    3    4    5    6    7    8    9   10   11       1    2    3    4    5    6    7    8    9   10   11       1    2    3    4    5    6    7    8    9   10   11   
