Chord Name:        major 7
Intervals:         1  3  5  7
Chromatic Notes:   1  5  8 12
Adjacent Ints:     4  3  4  1

inv 1
    |    |    |   7|   1|    |    |    |   3|    |    |       |   3|    |    |   5|    |    |    |   7|   1|    |       |   7|   1|    |    |    |   3|    |    |   5|    |
    |   3|    |    |   5|    |    |    |   7|   1|    |       |   7|   1|    |    |    |   3|    |    |   5|    |       |    |   5|    |    |    |   7|   1|    |    |    |
   7|   1|    |    |    |   3|    |    |   5|    |    |       |   5|    |    |    |   7|   1|    |    |    |   3|       |    |    |   3|    |    |   5|    |    |    |   7|
    |   5|    |    |    |   7|   1|    |    |    |   3|       |    |    |   3|    |    |   5|    |    |    |   7|       |    |    |    |   1|    |    |    |   3|    |    |
    |    |    |   3|    |    |   5|    |    |    |   7|       |    |    |    |   1|    |    |    |   3|    |    |       |    |    |    |    |    |    |    |    |    |    |
    |    |    |    |   1|    |    |    |   3|    |    |       |    |    |    |    |    |    |    |    |    |    |       |    |    |    |    |    |    |    |    |    |    |
    1    2    3    4    5    6    7    8    9   10   11       1    2    3    4    5    6    7    8    9   10   11       1    2    3    4    5    6    7    8    9   10   11
inv 2
   1|    |    |    |   3|    |    |   5|    |    |    |      5|    |    |    |   7|   1|    |    |    |   3|    |       |    |   3|    |    |   5|    |    |    |   7|   1|
   5|    |    |    |   7|   1|    |    |    |   3|    |       |    |   3|    |    |   5|    |    |    |   7|   1|       |    |   7|   1|    |    |    |   3|    |    |   5|
    |   3|    |    |   5|    |    |    |   7|   1|    |       |   7|   1|    |    |    |   3|    |    |   5|    |       |    |   5|    |    |    |   7|   1|    |    |    |
    |   7|   1|    |    |    |   3|    |    |   5|    |       |    |   5|    |    |    |   7|   1|    |    |    |       |    |    |    |   3|    |    |   5|    |    |    |
    |    |   5|    |    |    |   7|   1|    |    |    |       |    |    |    |   3|    |    |   5|    |    |    |       |    |    |    |    |    |    |    |    |    |    |
    |    |    |    |   3|    |    |   5|    |    |    |       |    |    |    |    |    |    |    |    |    |    |       |    |    |    |    |    |    |    |    |    |    |
    1    2    3    4    5    6    7    8    9   10   11       1    2    3    4    5    6    7    8    9   10   11       1    2    3    4    5    6    7    8    9   10   11
inv 3
    |   3|    |    |   5|    |    |    |   7|   1|    |       |   7|   1|    |    |    |   3|    |    |   5|    |       |    |   5|    |    |    |   7|   1|    |    |    |
    |   7|   1|    |    |    |   3|    |    |   5|    |       |    |   5|    |    |    |   7|   1|    |    |    |      1|    |    |    |   3|    |    |   5|    |    |    |
    |   5|    |    |    |   7|   1|    |    |    |   3|       |    |    |   3|    |    |   5|    |    |    |   7|       |    |    |   7|   1|    |    |    |   3|    |    |
    |    |    |   3|    |    |   5|    |    |    |   7|       |    |    |   7|   1|    |    |    |   3|    |    |       |    |    |    |   5|    |    |    |   7|   1|    |
    |    |    |   7|   1|    |    |    |   3|    |    |       |    |    |    |   5|    |    |    |   7|   1|    |       |    |    |    |    |    |    |    |    |    |    |
    |    |    |    |   5|    |    |    |   7|   1|    |       |    |    |    |    |    |    |    |    |    |    |       |    |    |    |    |    |    |    |    |    |    |
    1    2    3    4    5    6    7    8    9   10   11       1    2    3    4    5    6    7    8    9   10   11       1    2    3    4    5    6    7    8    9   10   11
inv 4
   5|    |    |    |   7|   1|    |    |    |   3|    |       |    |   3|    |    |   5|    |    |    |   7|   1|       |    |   7|   1|    |    |    |   3|    |    |   5|
    |    |   3|    |    |   5|    |    |    |   7|   1|       |    |   7|   1|    |    |    |   3|    |    |   5|      3|    |    |   5|    |    |    |   7|   1|    |    |
    |   7|   1|    |    |    |   3|    |    |   5|    |       |    |   5|    |    |    |   7|   1|    |    |    |      1|    |    |    |   3|    |    |   5|    |    |    |
    |    |   5|    |    |    |   7|   1|    |    |    |      1|    |    |    |   3|    |    |   5|    |    |    |       |    |    |    |   7|   1|    |    |    |   3|    |
   1|    |    |    |   3|    |    |   5|    |    |    |       |    |    |    |   7|   1|    |    |    |   3|    |       |    |    |    |    |    |    |    |    |    |    |
    |    |    |    |   7|   1|    |    |    |   3|    |       |    |    |    |    |    |    |    |    |    |    |       |    |    |    |    |    |    |    |    |    |    |
    1    2    3    4    5    6    7    8    9   10   11       1    2    3    4    5    6    7    8    9   10   11       1    2    3    4    5    6    7    8    9   10   11
