Chord Name:        suspended 2
Intervals:         1  2  5
Chromatic Notes:   1  3  8
Adjacent Ints:     2  5  5

inv 1
    |    |    |    |   1|    |   2|    |    |    |    |       |    |    |    |   5|    |    |    |    |   1|    |       |    |   1|    |   2|    |    |    |    |   5|    |   
    |    |    |    |   5|    |    |    |    |   1|    |       |    |   1|    |   2|    |    |    |    |   5|    |       |    |   5|    |    |    |    |   1|    |   2|    |   
    |   1|    |   2|    |    |    |    |   5|    |    |       |   5|    |    |    |    |   1|    |   2|    |    |       |   2|    |    |    |    |   5|    |    |    |    |   
    |   5|    |    |    |    |   1|    |   2|    |    |       |   2|    |    |    |    |   5|    |    |    |    |       |    |    |    |   1|    |   2|    |    |    |    |   
    |   2|    |    |    |    |   5|    |    |    |    |       |    |    |    |   1|    |   2|    |    |    |    |       |    |    |    |    |    |    |    |    |    |    |   
    |    |    |    |   1|    |   2|    |    |    |    |       |    |    |    |    |    |    |    |    |    |    |       |    |    |    |    |    |    |    |    |    |    |   
    1    2    3    4    5    6    7    8    9   10   11       1    2    3    4    5    6    7    8    9   10   11       1    2    3    4    5    6    7    8    9   10   11   
inv 2
    |    |   1|    |   2|    |    |    |    |   5|    |       |    |   5|    |    |    |    |   1|    |   2|    |      1|    |   2|    |    |    |    |   5|    |    |    |   
    |    |   5|    |    |    |    |   1|    |   2|    |      1|    |   2|    |    |    |    |   5|    |    |    |      5|    |    |    |    |   1|    |   2|    |    |    |   
    |   2|    |    |    |    |   5|    |    |    |    |       |    |    |    |   1|    |   2|    |    |    |    |       |    |    |    |   5|    |    |    |    |   1|    |   
    |    |    |    |   1|    |   2|    |    |    |    |       |    |    |    |   5|    |    |    |    |   1|    |       |    |    |    |   2|    |    |    |    |   5|    |   
    |    |    |    |   5|    |    |    |    |   1|    |       |    |    |    |   2|    |    |    |    |   5|    |       |    |    |    |    |    |    |    |    |    |    |   
    |    |    |    |   2|    |    |    |    |   5|    |       |    |    |    |    |    |    |    |    |    |    |       |    |    |    |    |    |    |    |    |    |    |   
    1    2    3    4    5    6    7    8    9   10   11       1    2    3    4    5    6    7    8    9   10   11       1    2    3    4    5    6    7    8    9   10   11   
inv 3
    |    |    |    |   5|    |    |    |    |   1|    |       |    |   1|    |   2|    |    |    |    |   5|    |       |    |   5|    |    |    |    |   1|    |   2|    |   
    |    |   1|    |   2|    |    |    |    |   5|    |       |    |   5|    |    |    |    |   1|    |   2|    |      1|    |   2|    |    |    |    |   5|    |    |    |   
    |   5|    |    |    |    |   1|    |   2|    |    |       |   2|    |    |    |    |   5|    |    |    |    |       |    |    |    |   1|    |   2|    |    |    |    |   
    |   2|    |    |    |    |   5|    |    |    |    |       |    |    |    |   1|    |   2|    |    |    |    |       |    |    |    |   5|    |    |    |    |   1|    |   
    |    |    |    |   1|    |   2|    |    |    |    |       |    |    |    |   5|    |    |    |    |   1|    |       |    |    |    |    |    |    |    |    |    |    |   
    |    |    |    |   5|    |    |    |    |   1|    |       |    |    |    |    |    |    |    |    |    |    |       |    |    |    |    |    |    |    |    |    |    |   
    1    2    3    4    5    6    7    8    9   10   11       1    2    3    4    5    6    7    8    9   10   11       1    2    3    4    5    6    7    8    9   10   11   
