Chord Name:        suspended 4
Intervals:         1  4  5
Chromatic Notes:   1  6  8
Adjacent Ints:     5  2  5

inv 1
    |    |    |    |   1|    |    |    |    |   4|    |       |    |   4|    |   5|    |    |    |    |   1|    |       |    |   1|    |    |    |    |   4|    |   5|    |   
    |    |   4|    |   5|    |    |    |    |   1|    |       |    |   1|    |    |    |    |   4|    |   5|    |      4|    |   5|    |    |    |    |   1|    |    |    |   
    |   1|    |    |    |    |   4|    |   5|    |    |       |   5|    |    |    |    |   1|    |    |    |    |       |    |    |    |   4|    |   5|    |    |    |    |   
    |   5|    |    |    |    |   1|    |    |    |    |       |    |    |    |   4|    |   5|    |    |    |    |       |    |    |    |   1|    |    |    |    |   4|    |   
    |    |    |    |   4|    |   5|    |    |    |    |       |    |    |    |   1|    |    |    |    |   4|    |       |    |    |    |    |    |    |    |    |    |    |   
    |    |    |    |   1|    |    |    |    |   4|    |       |    |    |    |    |    |    |    |    |    |    |       |    |    |    |    |    |    |    |    |    |    |   
    1    2    3    4    5    6    7    8    9   10   11       1    2    3    4    5    6    7    8    9   10   11       1    2    3    4    5    6    7    8    9   10   11   
inv 2
    |    |    |    |   4|    |   5|    |    |    |    |       |    |    |    |   1|    |    |    |    |   4|    |       |    |   4|    |   5|    |    |    |    |   1|    |   
    |    |    |    |   1|    |    |    |    |   4|    |       |    |   4|    |   5|    |    |    |    |   1|    |       |    |   1|    |    |    |    |   4|    |   5|    |   
    |   4|    |   5|    |    |    |    |   1|    |    |       |   1|    |    |    |    |   4|    |   5|    |    |       |   5|    |    |    |    |   1|    |    |    |    |   
    |   1|    |    |    |    |   4|    |   5|    |    |       |   5|    |    |    |    |   1|    |    |    |    |       |    |    |    |   4|    |   5|    |    |    |    |   
    |   5|    |    |    |    |   1|    |    |    |    |       |    |    |    |   4|    |   5|    |    |    |    |       |    |    |    |    |    |    |    |    |    |    |   
    |    |    |    |   4|    |   5|    |    |    |    |       |    |    |    |    |    |    |    |    |    |    |       |    |    |    |    |    |    |    |    |    |    |   
    1    2    3    4    5    6    7    8    9   10   11       1    2    3    4    5    6    7    8    9   10   11       1    2    3    4    5    6    7    8    9   10   11   
inv 3
    |    |   4|    |   5|    |    |    |    |   1|    |       |    |   1|    |    |    |    |   4|    |   5|    |      4|    |   5|    |    |    |    |   1|    |    |    |   
    |    |   1|    |    |    |    |   4|    |   5|    |      4|    |   5|    |    |    |    |   1|    |    |    |      1|    |    |    |    |   4|    |   5|    |    |    |   
    |   5|    |    |    |    |   1|    |    |    |    |       |    |    |    |   4|    |   5|    |    |    |    |       |    |    |    |   1|    |    |    |    |   4|    |   
    |    |    |    |   4|    |   5|    |    |    |    |       |    |    |    |   1|    |    |    |    |   4|    |       |    |    |    |   5|    |    |    |    |   1|    |   
    |    |    |    |   1|    |    |    |    |   4|    |       |    |    |    |   5|    |    |    |    |   1|    |       |    |    |    |    |    |    |    |    |    |    |   
    |    |    |    |   5|    |    |    |    |   1|    |       |    |    |    |    |    |    |    |    |    |    |       |    |    |    |    |    |    |    |    |    |    |   
    1    2    3    4    5    6    7    8    9   10   11       1    2    3    4    5    6    7    8    9   10   11       1    2    3    4    5    6    7    8    9   10   11   
